__ __ 03 05 04 08 19 11 
10 07 __ __ 06 00 __ 13 
20 17 22 14 09 __ 21 23 
18 12 01 __ 02 16 __ 15 

14 01 05 13 18 __ 12 09 
03 23 02 21 08 20 __ __ 
__ 11 19 15 10 06 16 __ 
07 __ 04 22 __ __ 17 00 

__ 06 23 10 07 __ 03 18 
12 19 __ 15 04 16 02 20 
13 08 01 22 14 11 __ 17 
__ 21 __ 09 00 __ __ 05 

14 19 07 __ __ 17 __ __ 
05 11 03 02 16 18 __ 09 
00 08 20 04 12 __ 23 13 
01 10 __ 21 15 22 06 __ 

__ __ 20 21 14 16 00 03 
23 08 05 15 __ 10 17 22 
07 18 13 12 __ 06 04 01 
02 __ 09 19 __ 11 __ __ 

08 09 __ 19 18 06 21 __ 
00 02 15 04 03 07 01 __ 
__ __ __ 16 10 11 20 12 
05 13 __ __ 22 14 23 17 

__ 07 04 03 15 05 __ 20 
18 22 08 __ 11 01 16 02 
__ 14 __ __ 17 12 00 09 
10 __ 19 21 __ 23 06 13 

14 19 02 10 06 11 15 __ 
07 08 03 __ 05 21 22 00 
16 13 18 01 09 __ 20 __ 
12 __ __ __ 04 17 23 __ 

06 01 14 18 __ __ 19 03 
__ __ 08 02 09 23 22 21 
10 __ 00 04 20 17 15 16 
05 __ 12 07 __ 11 __ 13 

00 __ __ 14 __ __ 23 20 
09 12 18 17 04 __ 19 15 
22 06 05 02 01 11 21 __ 
08 __ 03 13 07 16 10 __ 

19 __ 10 15 14 __ 00 __ 
23 __ 06 22 07 16 08 04 
11 05 20 02 13 03 __ 21 
__ 17 __ 01 12 09 __ 18 

__ __ 00 10 16 17 05 __ 
02 12 03 11 __ 09 20 __ 
18 01 14 __ __ __ 13 06 
08 15 07 22 21 23 19 04 

08 17 __ 22 07 13 14 21 
__ __ 12 10 20 04 23 11 
__ __ 19 __ 06 __ 00 16 
03 01 09 18 15 __ 05 02 

08 19 02 __ 23 __ 16 06 
__ 12 03 13 11 09 __ 14 
17 __ 21 22 00 __ 20 01 
05 18 __ 15 04 __ 10 07 

04 __ 09 __ 00 __ 05 22 
21 11 03 13 20 16 10 19 
02 __ 17 08 18 15 07 14 
__ 23 06 12 __ __ 01 __ 

21 __ 23 18 04 __ 10 07 
12 __ 14 16 01 05 09 22 
20 17 02 __ 13 03 15 __ 
11 __ 08 00 06 19 __ __ 

10 __ 04 22 18 20 05 13 
__ 15 06 03 08 01 __ __ 
09 19 00 02 12 __ 23 07 
21 __ 17 16 __ __ 11 14 

05 18 __ 16 06 08 21 __ 
01 __ 09 22 __ 10 00 13 
__ 02 __ __ 15 03 04 12 
14 11 __ 23 07 20 19 17 

17 07 __ 03 10 __ 04 22 
12 20 __ 00 __ 15 09 __ 
__ __ 14 05 16 02 13 06 
01 19 __ 08 11 23 18 21 

13 17 09 __ 18 __ 05 03 
19 06 10 22 23 07 08 14 
__ 20 02 __ 15 __ 00 __ 
21 01 __ 12 11 04 __ 16 

22 03 01 __ 05 00 __ 17 
08 21 11 14 09 19 __ __ 
20 23 04 07 __ __ 12 __ 
16 06 __ 15 02 18 13 10 

11 10 04 01 __ 22 21 06 
12 23 13 14 __ 03 18 07 
__ __ __ 02 20 09 00 17 
__ 15 19 16 08 __ 05 __ 

22 21 20 05 __ 06 01 __ 
__ 09 18 08 07 12 19 04 
14 13 02 __ 16 17 10 __ 
__ 00 03 23 __ 15 11 __ 

__ 02 21 __ 11 03 05 20 
17 15 10 14 22 13 16 __ 
07 08 23 __ 12 __ 01 04 
18 09 __ __ 06 19 00 __ 

05 17 __ 21 15 13 __ 19 
14 __ 02 __ 20 __ 12 08 
07 03 __ 09 18 04 00 11 
__ 23 06 16 __ 22 01 10 

10 05 04 02 __ __ __ 22 
09 15 12 11 00 03 17 18 
__ 06 __ 14 08 20 21 __ 
13 19 07 __ 23 __ 16 01 

06 03 16 10 08 19 __ 00 
12 18 05 04 20 07 __ 14 
__ 11 __ __ 01 21 09 __ 
__ 13 17 22 15 23 __ 02 

__ 01 04 __ 12 17 __ 20 
__ __ 18 __ 00 03 22 07 
13 05 08 11 10 16 14 19 
15 __ __ 23 21 06 09 02 

16 10 __ 15 01 23 02 __ 
20 08 04 21 __ 11 14 12 
13 09 22 __ 18 __ 17 __ 
__ 05 19 __ 03 07 00 06 

14 05 10 08 03 06 01 __ 
02 13 18 __ __ 22 __ 11 
15 23 __ 04 20 17 __ 12 
00 07 __ 21 __ 16 19 09 

__ __ __ __ 11 02 12 21 
05 07 __ 03 10 __ 22 01 
06 14 17 15 16 04 13 20 
__ 00 19 09 __ 08 23 18 

__ 07 08 03 23 18 __ 02 
16 __ __ 04 12 14 01 __ 
22 13 21 11 __ 19 10 15 
09 __ __ 17 06 05 20 00 

14 08 07 20 03 19 02 __ 
__ 09 23 11 __ 22 __ __ 
13 01 04 16 10 17 00 18 
15 12 __ 06 05 __ 21 __ 

00 03 __ 13 19 16 __ 23 
11 18 04 __ __ 17 __ 14 
__ __ 15 21 01 22 05 08 
__ 09 20 02 12 10 07 06 

__ __ 17 __ 19 06 01 00 
15 __ 08 09 11 05 __ __ 
07 21 02 20 12 16 03 23 
04 __ 18 __ 13 10 14 22 

__ 01 __ 09 03 __ __ 08 
06 02 04 14 00 05 __ 11 
13 __ 07 __ 17 19 15 16 
12 20 __ 10 22 23 18 21 

18 03 __ 02 16 15 14 __ 
__ __ 19 12 11 13 00 01 
05 __ 22 __ 06 10 07 __ 
20 17 23 04 21 09 08 __ 

06 03 18 13 15 __ __ __ 
21 02 22 08 23 __ 09 __ 
16 __ 19 07 00 01 12 10 
20 14 __ 17 04 11 05 __ 

12 06 03 07 16 02 09 __ 
11 20 13 15 04 __ 23 19 
__ 00 21 18 05 10 __ 01 
17 08 __ __ 22 __ 14 __ 

02 07 __ 14 20 09 04 13 
19 18 08 __ __ 01 16 __ 
__ __ 06 22 21 __ 12 00 
15 05 11 03 17 __ 23 10 

23 __ __ 07 05 14 16 __ 
21 12 17 06 00 09 08 18 
__ 01 04 __ 19 __ 11 03 
__ 15 02 __ 20 10 22 13 

__ 02 __ 18 13 __ __ 19 
05 16 08 __ 07 22 20 10 
01 12 23 17 14 11 15 04 
06 21 00 __ 09 __ __ 03 

21 13 __ 15 01 02 00 23 
22 14 17 18 __ __ 09 __ 
__ 10 20 04 __ 11 __ 03 
08 __ 07 19 05 16 12 06 

15 __ __ __ __ 02 03 01 
17 05 16 18 13 14 06 00 
__ 20 __ 12 09 22 10 __ 
23 07 08 04 __ 19 11 21 

14 __ 21 20 12 01 __ __ 
19 18 22 09 __ 05 __ 07 
13 08 17 02 06 00 10 __ 
__ 23 03 04 __ 15 16 11 

05 09 18 __ __ 10 __ __ 
03 21 13 12 22 02 __ 16 
__ 14 07 23 08 00 19 15 
__ 01 04 06 11 20 17 __ 

15 11 10 22 __ 03 14 __ 
07 01 __ 21 00 __ 16 19 
06 13 __ __ 20 __ 17 02 
09 05 23 04 08 __ 12 18 

14 __ __ 21 19 03 18 06 
12 08 10 __ 16 04 07 __ 
01 22 09 20 15 02 __ 00 
23 17 __ __ 05 11 13 __ 

07 __ __ 09 08 20 00 22 
14 03 13 11 01 18 __ 06 
19 __ __ 02 __ 12 05 __ 
16 15 __ 04 17 23 10 21 

04 12 23 15 __ 07 05 22 
__ __ 18 __ 01 08 __ 14 
10 13 03 __ __ __ 16 09 
21 20 00 19 17 02 06 11 

21 13 20 __ 14 03 01 08 
19 16 10 22 07 05 11 18 
02 __ __ __ 15 12 09 __ 
17 23 __ 04 06 __ 00 __ 

06 12 21 __ 23 09 __ 10 
__ __ 16 00 05 08 __ __ 
11 15 22 01 __ 18 02 14 
07 03 __ 13 17 04 19 20 

01 05 09 __ 07 __ 23 15 
14 __ 20 00 12 13 __ 04 
__ 21 __ 02 17 03 16 06 
__ 22 __ 10 18 19 08 11 

11 __ 00 05 23 06 09 __ 
21 04 13 15 08 __ 10 02 
01 14 03 19 17 __ 12 18 
07 16 20 __ __ 22 __ __ 

19 08 05 02 03 __ 01 __ 
23 10 20 18 00 17 07 11 
__ 04 __ 22 __ 21 16 09 
__ __ 06 13 14 12 15 __ 

08 04 19 00 16 12 09 __ 
20 05 03 22 __ 18 02 11 
17 __ __ 01 __ 07 06 10 
15 __ 21 23 14 __ 13 __ 

00 14 13 11 02 __ __ 04 
22 15 __ 08 12 18 19 03 
07 16 10 01 21 06 17 __ 
__ __ 09 05 23 __ 20 __ 

22 21 __ __ 06 02 07 18 
00 13 17 08 15 12 __ 01 
19 14 11 __ 23 __ 10 20 
03 16 __ __ __ 05 04 09 

14 __ 21 06 02 00 13 __ 
04 __ 03 01 09 19 __ __ 
05 18 23 07 10 __ 15 22 
20 08 12 __ __ 17 11 16 

__ 07 19 23 __ 18 __ 10 
02 15 21 09 01 11 05 __ 
04 17 22 __ 00 14 03 08 
__ __ 16 13 20 __ 06 12 

__ __ __ 06 00 14 __ __ 
18 22 12 02 __ 08 __ 01 
15 03 11 07 19 23 10 05 
04 09 20 __ 21 17 16 13 

16 05 13 __ __ 10 18 __ 
15 08 14 01 __ 00 __ 06 
19 21 12 __ __ 02 03 17 
11 __ 20 04 22 07 09 23 

10 17 11 15 14 22 18 23 
16 __ 21 00 20 __ __ 06 
01 02 09 08 __ 19 __ 03 
04 13 __ __ 05 12 07 __ 

23 21 05 __ 22 06 08 18 
16 13 __ 04 __ 14 09 00 
19 __ 03 01 20 17 10 12 
02 __ 15 11 __ __ __ 07 

22 __ 15 08 __ 19 __ 06 
09 16 14 01 20 07 __ 03 
12 02 13 17 23 04 11 __ 
18 05 __ __ 21 00 __ 10 

__ 09 16 11 08 23 18 __ 
__ __ 19 12 20 14 10 __ 
13 02 __ __ 07 05 00 15 
01 21 06 __ 22 04 03 17 

04 02 22 __ 14 05 17 20 
06 15 __ 01 18 11 03 12 
08 __ 13 19 10 09 __ 16 
__ __ 23 __ 00 21 07 __ 

__ 11 06 18 10 __ __ 12 
19 05 __ 14 __ 13 22 04 
17 09 07 20 23 00 15 21 
01 __ 02 16 08 __ __ 03 

08 07 14 20 09 __ 10 __ 
22 04 16 23 __ 12 17 11 
02 __ 01 __ 00 05 __ 13 
15 19 03 18 21 06 __ __ 

23 __ 07 __ __ 05 __ 03 
19 09 08 00 18 16 20 22 
__ __ 01 10 13 04 15 11 
__ 06 17 __ 14 21 02 12 

01 09 20 __ 06 04 12 14 
__ 10 __ 08 __ 07 02 05 
__ 18 11 __ 22 21 23 17 
15 __ 19 03 13 16 __ 00 

17 09 05 03 19 00 10 23 
13 __ __ 20 __ 15 __ __ 
16 __ 08 22 06 14 01 21 
12 04 11 18 02 07 __ __ 

__ 12 09 __ 06 14 __ 23 
02 18 22 __ 21 19 10 __ 
17 13 04 00 15 __ 05 01 
03 16 __ 11 __ 07 08 20 

19 __ 10 __ 05 09 20 23 
14 15 __ 08 __ __ 22 04 
__ 03 06 11 __ 12 __ 00 
16 17 21 13 07 18 02 01 

16 10 09 __ 15 17 01 08 
22 __ __ 02 13 11 __ 03 
21 __ 14 23 00 __ __ 05 
20 04 12 07 __ 06 19 18 

05 22 10 20 __ __ 08 06 
15 18 09 __ 11 __ __ 12 
21 16 02 __ 04 19 07 __ 
__ 17 00 14 03 23 13 01 

13 18 11 19 __ 01 14 __ 
10 __ __ 21 03 00 __ 06 
05 12 __ 08 22 09 23 20 
15 07 04 __ 02 16 __ 17 

19 __ 16 14 10 09 __ 17 
23 __ 13 __ 02 00 11 22 
__ 06 04 __ 03 15 18 08 
21 07 20 12 __ 05 01 __ 

01 __ 14 12 03 00 __ __ 
21 __ 16 06 22 05 __ 15 
04 17 23 20 13 11 __ 07 
18 08 __ 09 19 02 10 __ 

22 __ 00 23 18 06 10 20 
15 12 04 09 05 17 03 11 
__ 19 __ __ 16 01 __ 21 
13 07 __ __ 08 __ 14 02 

14 __ 16 22 03 __ 00 13 
08 20 02 __ __ 19 __ 17 
01 __ 18 06 05 __ 09 12 
04 11 15 10 __ 23 21 07 

18 04 __ 14 __ 00 __ 17 
05 06 07 11 22 15 12 16 
09 __ 21 __ 02 13 10 __ 
01 08 20 03 23 __ __ 19 

04 00 19 16 15 13 03 17 
12 22 09 18 05 01 __ __ 
__ 02 __ 08 __ 07 14 20 
__ 10 23 __ 06 11 __ 21 

__ __ 08 16 07 19 __ 23 
18 00 10 01 __ 20 __ 09 
__ 17 14 03 02 04 21 06 
11 __ 22 05 15 13 __ 12 

11 15 05 __ 10 13 17 09 
__ 03 00 18 01 21 08 07 
__ 02 __ __ 16 20 06 04 
19 __ 23 12 14 __ __ 22 

02 14 01 23 17 04 __ 21 
__ __ 10 00 15 20 18 __ 
__ 08 19 05 07 11 __ __ 
09 16 12 __ 13 06 03 22 

06 __ 18 __ 10 15 03 11 
02 23 __ 09 16 07 20 01 
12 __ __ 05 __ __ 08 13 
22 __ 17 21 04 19 14 00 

__ 01 14 04 08 12 05 13 
__ __ 10 02 20 00 11 03 
21 __ 09 __ 16 __ 23 17 
06 22 15 __ 19 18 __ 07 

20 12 21 __ 19 __ __ __ 
00 __ 07 11 09 14 __ __ 
22 01 23 04 10 __ 16 15 
18 08 17 02 05 03 13 06 

__ 16 08 __ 17 07 05 03 
04 __ 10 15 12 19 21 __ 
00 20 18 09 __ __ 06 01 
13 11 02 __ __ 14 23 22 

__ 19 15 18 11 23 20 22 
__ 01 04 __ 07 12 17 13 
__ 02 __ 21 08 03 __ 14 
10 __ 06 09 16 00 __ 05 

19 17 18 07 03 06 23 02 
08 20 16 14 22 __ 15 09 
13 05 10 __ 12 04 __ __ 
__ __ 00 __ 21 __ 11 01 

20 23 12 07 10 13 __ __ 
18 11 05 15 14 01 __ 22 
__ 04 __ 17 __ 21 09 19 
__ 06 __ 16 03 00 02 08 

15 18 20 23 __ 04 02 __ 
16 19 07 21 03 09 __ 00 
01 05 __ 12 13 10 22 __ 
__ __ 11 __ 08 06 17 14 

04 __ 15 20 19 10 22 14 
__ 00 __ 16 12 01 23 __ 
11 07 17 05 02 18 __ 21 
03 09 __ 08 __ __ 06 13 

09 __ 05 12 21 10 22 __ 
06 02 __ 11 __ 13 18 14 
__ 07 04 16 __ __ 08 __ 
03 23 00 20 15 17 19 01 

__ 03 07 __ 14 05 18 22 
02 __ 17 __ 00 04 15 19 
08 __ 16 __ 10 __ 06 23 
13 12 11 21 01 __ 20 09 

10 00 07 __ 20 __ __ 18 
06 __ 13 09 __ __ 05 17 
__ 15 04 14 16 23 11 08 
__ 19 21 22 12 02 01 03 

21 12 05 23 18 13 19 01 
17 00 08 09 10 __ 02 07 
__ 15 11 __ 20 22 14 04 
03 __ __ __ __ 06 16 __ 

17 __ 22 23 11 __ 13 16 
02 __ 03 __ 10 08 09 12 
18 __ 21 __ 06 05 04 __ 
07 19 00 __ 15 14 01 20 

__ 16 06 04 02 __ 09 20 
17 __ __ 10 05 22 18 23 
12 03 07 21 13 __ 15 00 
01 08 14 __ 11 __ 19 __ 

23 20 __ 15 13 02 16 03 
12 __ __ __ 11 09 06 14 
17 10 22 04 18 __ 19 __ 
__ __ 21 08 00 05 01 07 

09 19 16 __ __ 21 22 13 
08 11 17 03 23 01 06 00 
__ __ 15 10 07 14 __ 20 
02 04 __ __ 05 __ 12 18 

09 19 __ 08 18 21 20 __ 
01 __ 14 22 23 12 15 __ 
16 __ 05 __ 02 07 00 03 
06 __ 17 __ 13 11 04 10 

11 12 13 __ __ 22 15 01 
__ 23 04 08 20 16 00 __ 
__ 21 __ 14 09 07 17 18 
05 06 __ 03 19 10 02 __ 

05 20 15 12 04 __ 10 03 
07 19 __ 13 __ __ __ 11 
__ 21 16 __ __ 22 09 08 
06 01 02 14 18 17 23 00 

21 __ 07 12 14 18 08 15 
04 __ 01 20 __ 17 10 09 
__ 00 __ __ __ 23 16 06 
__ 19 22 02 05 13 11 03 

08 04 21 22 __ 15 __ __ 
__ 02 14 __ 16 __ 03 01 
18 05 13 19 17 __ 10 __ 
09 20 00 06 11 12 23 07 

14 00 10 21 __ 15 09 08 
04 __ 01 20 03 __ 13 12 
__ __ 02 11 05 18 16 __ 
23 __ 07 17 22 06 19 __ 

20 15 07 16 __ __ 06 19 
13 __ 23 05 __ __ 14 17 
11 03 10 08 12 09 02 01 
__ 18 __ 04 21 __ 22 00 

11 03 __ 18 17 06 15 21 
01 23 22 19 20 04 07 __ 
__ 09 16 08 14 __ __ __ 
__ 02 05 12 10 13 00 __ 

11 __ 15 __ 08 00 __ 16 
12 __ 05 18 __ 06 __ 14 
20 19 04 01 10 09 21 13 
__ 07 23 17 22 __ 03 02 

14 09 __ 01 __ 10 08 11 
19 21 02 05 16 07 23 20 
__ __ __ 18 15 __ 00 04 
06 03 13 17 12 __ __ 22 

01 06 __ 12 03 07 05 15 
__ 17 16 22 10 13 23 __ 
__ 21 __ 02 19 20 11 09 
14 __ __ 00 __ 18 04 08 

15 11 __ 12 14 __ __ 17 
04 __ __ 23 16 10 08 00 
05 06 __ 19 03 __ __ 07 
09 02 21 18 20 13 01 22 

21 20 05 13 00 01 22 08 
19 16 __ 23 10 12 04 03 
__ 18 __ 14 __ 11 17 __ 
__ 06 __ 02 __ 15 09 07 

__ 04 09 20 15 23 __ 17 
00 12 03 01 __ 21 08 19 
__ 02 11 06 __ 13 __ 14 
18 05 07 10 __ 16 22 __ 

01 13 04 05 20 14 23 21 
__ 12 __ 02 22 18 16 10 
08 07 15 00 __ 11 __ 19 
__ __ 06 03 17 __ __ 09 

21 23 06 03 15 14 00 12 
18 20 __ 13 07 11 __ __ 
09 22 08 __ 02 __ __ 05 
01 04 19 __ 17 __ 16 10 

__ __ 00 04 15 23 02 __ 
10 18 17 __ 19 __ 16 11 
20 01 08 03 07 06 21 13 
14 12 __ 05 __ 09 22 __ 

__ 17 14 12 11 08 20 02 
__ __ __ 01 19 07 15 05 
__ 13 __ 03 04 21 22 00 
__ __ 18 06 09 23 16 10 

13 06 20 05 01 14 22 16 
__ 12 09 03 04 __ 23 __ 
17 __ 08 02 10 21 11 15 
__ 07 19 18 __ __ 00 __ 

02 23 17 21 __ 09 08 13 
04 05 19 __ 15 10 03 __ 
20 12 07 14 11 00 06 22 
__ __ __ __ 01 16 __ 18 

01 __ __ __ 13 08 16 00 
06 15 09 11 04 12 23 20 
22 __ 03 14 18 __ __ 21 
02 10 17 __ 07 19 05 __ 

06 __ 07 14 13 17 02 __ 
21 05 01 20 19 __ __ 10 
__ 11 22 03 16 15 12 08 
__ 18 __ 00 23 __ 04 09 

20 08 13 __ 04 19 __ __ 
22 18 __ __ 15 03 10 11 
12 __ 21 23 09 05 __ 00 
02 07 14 16 __ 17 06 01 

21 13 19 03 05 16 __ 10 
14 11 __ __ 06 17 __ __ 
23 15 04 __ 08 __ __ 00 
01 09 22 07 20 18 12 02 

__ 10 13 07 03 19 __ 01 
05 17 09 __ __ 23 02 __ 
__ __ 12 __ 22 14 08 16 
21 00 15 20 18 04 06 11 

18 __ 07 00 __ 22 __ 20 
11 01 __ 14 23 17 08 02 
__ 06 21 15 10 09 05 __ 
19 16 __ __ 04 13 03 12 

__ 20 __ 13 15 05 09 10 
__ 19 18 __ 11 07 08 __ 
23 02 21 04 00 01 __ 22 
17 14 12 __ __ 16 06 03 

__ __ 16 14 11 08 05 23 
__ 21 __ 15 __ __ 07 22 
06 12 09 04 13 18 17 01 
__ 00 19 20 __ 10 02 03 

23 12 __ __ 08 02 07 20 
__ 03 06 13 16 04 __ __ 
10 09 __ 19 18 00 14 21 
__ 11 15 22 05 01 __ 17 

__ 21 05 03 __ 09 __ 10 
07 00 23 14 __ 01 13 __ 
__ 11 06 17 02 22 18 20 
19 08 __ 12 04 __ 16 15 

__ 02 01 __ 22 00 08 __ 
17 15 13 05 03 __ __ __ 
04 16 20 11 19 07 10 12 
09 18 23 21 06 __ 14 __ 

15 11 09 20 06 16 __ __ 
__ 02 __ 19 __ 18 23 22 
05 __ 12 08 01 __ 17 __ 
10 13 07 04 00 14 21 03 

__ __ __ 15 01 23 17 00 
06 16 08 19 __ 09 13 03 
__ 20 __ __ 10 22 18 12 
11 05 04 07 21 02 14 __ 

22 __ 06 14 19 17 __ 05 
03 __ __ 04 23 02 00 __ 
__ __ 01 __ 09 16 15 13 
18 10 07 11 12 21 20 08 

__ __ 12 04 08 03 13 21 
20 22 __ 09 18 02 14 __ 
01 10 07 15 16 17 19 __ 
__ 11 __ 06 23 __ 05 00 

__ __ 06 09 13 04 11 03 
22 16 __ 19 23 __ 20 17 
18 07 __ 05 15 14 __ __ 
__ 02 21 08 10 00 01 12 

04 11 00 21 06 __ 08 __ 
22 05 17 __ __ 01 18 03 
14 16 23 10 __ 19 15 07 
__ 20 12 __ __ 13 09 02 

20 04 05 13 __ 03 16 09 
00 __ 11 __ __ 07 19 15 
01 08 __ 22 17 __ 18 12 
23 __ 06 10 02 21 __ 14 

19 10 23 13 04 08 06 16 
01 07 09 __ 14 __ 21 00 
__ 05 17 03 18 __ 12 __ 
20 __ __ 22 15 11 02 __ 

08 16 __ 00 02 18 22 17 
05 15 06 __ __ 19 21 09 
__ 03 04 11 14 23 01 12 
__ __ __ 20 07 __ 13 10 

07 08 09 05 __ 00 02 __ 
22 03 13 15 14 12 __ 18 
__ __ 06 __ 20 __ 10 17 
19 21 04 01 23 __ 11 16 

__ 10 __ 04 00 __ 14 22 
__ __ __ 02 16 __ 05 __ 
20 18 09 03 08 23 07 11 
12 19 17 15 01 21 13 06 

15 12 06 11 __ __ 19 __ 
14 08 22 09 __ __ __ 01 
18 03 16 05 20 02 23 10 
21 00 13 04 __ __ 07 17 

20 14 __ 22 13 04 15 09 
12 17 06 __ 21 00 01 02 
__ 23 18 __ __ 19 05 10 
__ 08 16 03 11 __ 07 __ 

18 01 __ 13 23 03 06 14 
__ 21 __ __ 09 17 11 00 
16 10 19 __ 02 __ 12 __ 
05 07 04 15 08 20 __ 22 

05 13 04 __ 23 11 __ 19 
22 21 15 16 17 02 12 18 
14 00 __ __ 03 08 09 06 
07 __ __ 01 20 __ 10 __ 

__ 16 03 __ 14 __ 09 07 
21 12 19 00 23 __ 17 __ 
04 06 11 15 13 20 02 01 
10 22 05 08 18 __ __ __ 

07 20 __ 03 21 __ __ __ 
23 18 08 06 12 14 __ 04 
15 19 __ 22 17 10 01 09 
11 __ 02 05 16 13 __ 00 

19 20 15 08 22 00 12 04 
17 18 __ __ 13 23 21 __ 
__ 14 __ 02 01 07 03 __ 
11 16 09 __ __ 10 05 06 

__ 00 18 15 __ 06 03 19 
16 17 __ 02 08 21 14 __ 
13 22 20 07 __ 23 04 05 
__ 10 09 12 __ __ 11 01 

18 19 05 __ __ 20 __ 23 
__ 06 __ 09 10 07 12 14 
02 13 08 11 __ 22 17 __ 
03 01 16 __ 21 00 15 04 

15 12 __ 05 __ 08 23 06 
__ 07 09 __ __ 16 17 13 
__ 14 18 __ 01 10 03 04 
00 11 20 21 19 22 __ 02 

03 13 21 __ __ __ __ 02 
00 __ 16 01 11 __ 17 10 
05 09 07 __ 12 08 15 18 
14 23 06 04 __ 20 22 19 

12 16 __ 19 02 09 08 __ 
15 13 __ 17 00 18 05 01 
10 __ 23 04 __ 11 __ 03 
14 20 07 __ 21 __ 06 22 

16 23 20 02 03 __ __ __ 
18 10 04 __ __ 17 11 09 
21 __ 05 19 08 13 07 __ 
01 15 14 06 12 __ 00 22 

22 16 00 05 19 07 15 08 
10 20 01 __ __ 17 03 23 
__ 02 __ 04 21 __ __ 09 
13 06 __ 12 14 18 11 __ 

02 16 __ __ __ __ 13 19 
21 10 __ 08 05 03 18 23 
__ 01 15 22 20 __ 04 __ 
07 11 06 17 09 14 12 00 

09 08 12 13 __ __ __ 02 
18 17 __ 10 11 __ 16 07 
04 19 __ 05 21 __ 15 __ 
23 01 00 03 14 06 22 20 

03 22 04 __ __ 02 __ 23 
__ 11 12 18 17 07 08 __ 
10 __ 13 19 06 15 __ 05 
14 09 01 20 __ 16 21 00 

__ 13 __ 22 05 00 09 23 
16 04 __ __ __ 06 02 17 
21 __ __ 18 15 14 10 01 
11 __ 07 12 03 20 19 08 

06 23 15 17 14 07 __ 16 
__ 21 20 18 10 22 19 __ 
02 01 __ 13 00 __ __ 11 
05 12 04 __ 03 09 __ 08 

09 02 16 __ 19 17 15 05 
00 __ 13 04 07 10 __ 22 
12 __ 06 21 __ 14 23 08 
20 __ 03 01 __ 11 __ 18 

__ 13 22 __ 04 08 01 __ 
02 17 09 03 00 05 10 14 
20 23 12 15 21 __ 19 __ 
__ 11 __ __ 07 16 06 18 

08 20 __ 03 11 04 __ 14 
__ 01 00 __ __ 18 23 __ 
16 __ 12 19 22 10 07 13 
15 05 09 21 17 __ 02 06 

__ 11 __ __ 04 __ 07 00 
03 13 __ 18 __ 22 05 10 
01 02 12 08 20 23 06 15 
17 14 19 __ 09 21 16 __ 

__ 19 20 00 23 17 21 05 
__ 11 07 __ __ 14 15 18 
__ 13 06 09 12 01 08 16 
22 __ 03 02 __ 04 10 __ 

12 13 __ __ __ 02 18 14 
15 08 05 10 22 __ 07 23 
__ 06 09 17 03 20 __ 19 
16 11 21 __ __ 01 00 04 

21 11 07 17 23 02 01 __ 
__ 10 05 __ __ 13 22 03 
__ 00 15 06 __ 08 __ __ 
20 12 14 16 19 18 09 04 

23 18 20 07 11 12 01 __ 
__ __ __ 14 __ 13 04 __ 
__ 16 __ 02 06 10 17 15 
19 09 03 00 08 22 05 21 

15 07 22 __ __ 17 18 01 
16 13 __ 23 __ 12 10 __ 
11 04 02 19 00 20 __ 06 
09 03 21 __ __ 08 14 05 

07 15 02 23 08 18 04 __ 
__ 03 06 __ 05 21 17 10 
__ 13 __ __ 19 20 16 00 
__ 01 14 __ 22 11 09 12 

15 __ 09 __ __ 06 __ __ 
17 01 11 02 16 00 __ 05 
21 13 22 __ __ 10 04 14 
20 07 12 03 23 18 08 19 

22 13 23 05 __ __ 17 01 
21 09 16 20 00 10 14 19 
12 __ 02 __ 07 08 04 __ 
18 __ 11 __ 06 15 __ 03 

__ 09 21 20 10 __ 12 __ 
__ 19 06 __ 02 11 05 00 
01 22 __ 23 18 17 __ 07 
15 __ 14 08 04 13 03 16 

15 03 18 10 08 __ 05 02 
__ 21 __ 00 23 17 12 11 
20 __ 22 04 06 01 __ __ 
13 16 19 09 __ 07 14 __ 

03 __ 07 __ 02 __ 19 11 
16 01 12 __ 20 05 __ 00 
08 13 22 17 __ 18 23 10 
15 14 __ 06 09 __ 21 04 

07 09 13 01 04 22 __ __ 
15 __ 21 03 17 14 18 __ 
__ __ 20 10 12 __ 19 00 
08 __ 05 02 06 23 11 16 

21 11 05 __ 09 16 01 06 
18 17 02 08 04 12 __ 15 
19 __ 10 00 13 __ 14 __ 
__ __ 20 07 23 03 22 __ 

01 06 12 19 07 __ 15 __ 
20 00 04 23 17 09 16 __ 
__ __ 10 05 11 13 14 __ 
__ 18 22 03 08 21 __ 02 

11 06 12 18 __ 19 07 13 
__ 01 21 22 03 __ __ 05 
04 20 __ 10 23 17 16 __ 
__ 02 09 14 15 08 __ 00 

08 __ __ __ 06 09 18 13 
02 __ 05 10 01 12 14 04 
21 __ 19 00 22 23 __ 17 
03 __ 15 16 20 07 11 __ 

__ __ 03 21 19 10 00 07 
__ 20 08 __ 23 17 14 13 
__ __ 01 02 16 09 06 12 
11 __ 15 05 22 __ 18 04 

__ __ 09 12 __ 18 02 14 
11 __ __ 03 13 10 20 04 
19 21 07 15 05 00 __ 22 
16 __ 23 08 17 06 01 __ 

14 20 18 23 __ 04 11 __ 
06 21 19 __ 05 __ 16 15 
__ 22 07 17 __ 01 00 __ 
02 13 09 12 __ 10 08 03 

05 __ 14 21 04 06 02 18 
15 __ 03 08 17 10 __ 00 
__ __ 07 11 __ 13 __ 16 
22 20 23 19 01 12 __ 09 

__ 16 08 04 22 12 19 __ 
__ 03 17 20 02 01 09 __ 
15 __ 10 21 05 11 __ 23 
14 00 06 __ 18 13 07 __ 

__ 15 22 06 20 14 09 21 
04 16 17 18 12 __ 02 __ 
__ 08 10 __ 11 01 __ __ 
03 05 __ 00 23 19 07 13 

16 01 04 11 06 12 14 02 
__ 15 10 __ 18 __ 20 22 
__ 08 17 __ 23 __ 09 07 
03 00 05 __ __ 19 21 13 

__ 13 02 21 12 11 08 03 
__ 07 15 04 16 22 20 01 
__ 17 10 05 __ 06 14 19 
00 18 09 __ __ 23 __ __ 

__ 16 15 22 08 __ 19 06 
__ 13 12 20 03 __ __ 14 
00 04 17 10 11 18 23 21 
__ 05 07 __ __ 01 09 02 

__ 16 15 19 21 09 __ 06 
20 __ 23 22 03 13 02 14 
04 00 10 17 08 07 __ __ 
18 05 __ __ 11 12 01 __ 

16 04 15 __ 13 07 12 __ 
__ __ 00 08 06 11 23 14 
02 05 17 10 __ 09 19 __ 
01 __ 18 03 22 21 20 __ 

__ __ 05 16 13 01 19 __ 
04 __ 18 22 14 07 23 02 
10 20 17 15 06 09 __ 11 
__ 00 03 08 __ 21 12 __ 

__ 00 02 01 20 03 __ __ 
04 19 09 23 __ 07 08 13 
10 __ 21 14 22 11 06 __ 
17 05 15 16 18 12 __ __ 

04 20 16 15 02 __ __ 21 
05 22 __ 23 06 12 14 __ 
00 17 09 __ 13 07 11 __ 
18 10 19 01 __ 08 03 __ 

00 05 22 20 15 __ __ 16 
17 10 23 08 __ 09 __ __ 
04 06 14 07 19 12 21 __ 
18 02 13 03 11 01 __ __ 

04 10 18 __ 22 15 __ 16 
00 17 19 23 20 07 13 __ 
__ 14 11 12 08 09 __ 21 
05 __ 01 06 03 __ 02 __ 

00 14 05 06 22 08 15 16 
__ 17 10 11 02 03 13 __ 
__ 18 __ 09 20 19 12 __ 
__ 04 21 __ 01 23 07 __ 

14 __ 00 06 21 20 15 16 
04 02 18 17 12 11 22 03 
__ __ 10 05 19 23 08 01 
__ __ __ __ __ 09 07 13 

14 04 18 06 22 20 15 16 
__ __ 17 01 12 __ 08 02 
__ __ 10 00 11 09 03 __ 
__ __ 05 23 19 21 07 13 

14 __ 18 06 22 20 15 16 
__ 00 10 02 11 12 08 __ 
__ 04 17 01 __ 09 03 __ 
__ __ 05 19 23 21 07 13 

18 __ 14 06 20 22 15 16 
__ 00 10 11 12 02 08 __ 
__ 05 17 01 21 09 03 __ 
__ __ 04 19 23 __ 07 13 

__ 14 04 06 __ 22 15 16 
__ 00 10 11 01 20 08 __ 
__ 05 17 12 02 09 03 __ 
__ __ 18 19 23 21 07 13 

__ 00 14 06 __ 01 15 16 
__ 05 10 11 22 02 08 __ 
__ 18 17 12 20 21 03 __ 
__ __ 04 19 23 09 07 13 

__ __ 05 14 06 01 15 16 
__ 18 10 11 22 02 08 03 
04 00 17 20 12 09 13 __ 
__ __ __ 19 23 21 07 __ 

__ __ 00 14 06 01 15 16 
05 18 10 22 11 21 08 03 
__ 04 17 20 12 09 02 __ 
__ __ __ 19 23 13 07 __ 

__ __ 00 20 06 14 15 16 
__ 05 10 22 01 02 08 03 
18 04 17 11 12 09 21 __ 
__ __ __ 19 23 13 07 __ 

__ __ __ 22 01 02 15 16 
__ 18 10 20 14 06 08 03 
04 05 17 23 12 07 21 __ 
__ __ 00 19 11 13 09 __ 

__ __ __ 22 14 02 15 16 
__ 05 10 20 06 01 08 03 
18 04 17 23 12 07 09 __ 
__ __ 00 19 11 13 21 __ 

__ 04 __ 20 01 02 15 16 
__ 00 10 22 06 14 08 03 
__ 05 17 23 12 07 09 21 
__ __ 18 19 11 13 __ __ 

__ __ 05 22 02 06 15 16 
00 __ 10 20 01 14 08 03 
__ 18 17 23 12 07 09 21 
__ __ 04 19 11 13 __ __ 

__ 18 20 22 06 14 15 16 
__ 00 10 05 01 02 08 03 
__ 04 17 23 12 07 09 __ 
__ __ __ 19 11 13 21 __ 

__ 20 05 22 14 06 15 16 
__ 00 10 04 01 02 08 03 
__ 18 17 23 12 07 09 __ 
__ __ __ 19 11 13 21 __ 

__ __ 20 22 14 01 15 16 
__ 05 10 18 06 02 08 03 
__ 00 17 23 12 07 09 __ 
__ __ 04 19 11 13 21 __ 

__ __ 18 22 14 02 15 16 
__ 00 10 20 06 01 08 03 
__ 05 17 23 12 07 09 __ 
__ __ 04 19 11 13 21 __ 

__ __ 20 22 14 06 15 16 
__ 05 10 18 01 02 08 03 
__ 00 17 23 12 07 09 __ 
__ __ 04 19 11 13 21 __ 

__ __ 20 22 14 02 15 16 
__ 04 10 00 06 01 08 03 
__ 05 17 23 12 07 09 21 
__ __ 18 19 11 13 __ __ 

__ __ 20 22 01 02 15 16 
__ 00 10 04 14 06 08 03 
__ 05 17 23 12 07 09 __ 
__ __ 18 19 11 13 21 __ 

__ __ 05 22 06 02 15 16 
__ 04 10 20 14 01 08 03 
__ 00 17 23 12 07 09 __ 
__ __ 18 19 11 13 21 __ 

__ __ 18 06 14 02 15 16 
__ 04 10 20 22 01 08 03 
__ 05 17 23 12 07 09 __ 
__ __ 00 19 11 13 21 __ 

__ __ 18 20 14 01 15 16 
__ 04 10 22 06 02 08 03 
__ 00 17 23 12 07 09 21 
__ __ 05 19 11 13 __ __ 

__ __ 05 20 06 14 15 16 
__ 18 10 22 01 02 08 03 
__ 00 17 23 12 07 09 21 
__ __ 04 19 11 13 __ __ 

__ __ 00 20 22 01 15 16 
__ 18 10 06 14 02 08 03 
__ 05 17 23 12 07 09 __ 
__ __ 04 19 11 13 21 __ 

__ __ 05 20 22 01 15 16 
__ 04 10 02 14 06 08 03 
__ 18 17 23 12 07 09 __ 
__ __ 00 19 11 13 21 __ 

__ __ 05 01 22 20 15 16 
__ 18 10 02 14 06 08 03 
__ 00 17 23 12 07 09 __ 
__ __ 04 19 11 13 21 __ 

__ __ 18 01 22 20 15 16 
__ 00 10 06 14 02 08 03 
__ 05 17 23 12 07 09 __ 
__ __ 04 19 11 13 21 __ 

__ __ 04 02 01 14 15 16 
__ 00 10 20 22 06 08 03 
__ 18 17 23 12 07 09 __ 
__ __ 05 19 11 13 21 __ 

__ __ 20 22 01 02 15 16 
__ 05 10 18 14 06 08 03 
__ 00 17 23 12 07 09 21 
__ __ 04 19 11 13 __ __ 

__ __ 20 22 01 02 15 16 
__ 04 10 18 14 06 08 03 
__ 00 17 23 12 07 09 21 
__ __ 05 19 11 13 __ __ 

__ __ 20 22 14 01 15 16 
__ 04 10 05 06 02 08 03 
__ 18 17 23 12 07 09 21 
__ __ 00 19 11 13 __ __ 

__ __ 20 22 02 01 15 16 
__ 04 10 05 14 06 08 03 
__ 18 17 23 12 07 09 21 
__ __ 00 19 11 13 __ __ 

__ __ 04 22 02 14 15 16 
__ 18 10 20 01 06 08 03 
__ 00 17 23 12 07 09 21 
__ __ 05 19 11 13 __ __ 

__ __ 04 22 01 14 15 16 
__ 05 10 20 02 06 08 03 
__ 18 17 23 12 07 09 21 
__ __ 00 19 11 13 __ __ 

__ __ 05 22 06 14 15 16 
__ 00 10 20 01 02 08 03 
__ 18 17 23 12 07 09 21 
__ __ 04 19 11 13 __ __ 

__ __ 18 22 06 02 15 16 
__ 05 10 20 14 01 08 03 
__ 00 17 23 12 07 09 __ 
__ __ 04 19 11 13 21 __ 

__ __ 18 02 14 06 15 16 
__ 04 10 20 22 01 08 03 
__ 00 17 23 12 07 09 __ 
__ __ 05 19 11 13 21 __ 

__ __ 05 02 06 14 15 16 
__ 04 10 01 20 22 08 03 
__ 00 17 23 12 07 09 __ 
__ __ 18 19 11 13 21 __ 

__ __ 04 02 06 14 15 16 
__ 18 10 01 22 20 08 03 
__ 00 17 23 12 07 09 __ 
__ __ 05 19 11 13 21 __ 

__ __ 00 02 22 20 15 16 
__ 04 10 06 14 01 08 03 
__ 05 17 23 12 07 09 21 
__ __ 18 19 11 13 __ __ 

__ __ 04 02 01 22 15 16 
__ 05 10 06 14 20 08 03 
__ 18 17 23 12 07 09 21 
__ __ 00 19 11 13 __ __ 

__ __ 00 06 14 22 15 16 
__ 05 10 02 01 20 08 03 
__ 04 17 23 12 07 09 21 
__ __ 18 19 11 13 __ __ 

__ __ 05 22 20 06 15 16 
__ 18 10 02 01 14 08 03 
__ 04 17 23 12 07 09 21 
__ __ 00 19 11 13 __ __ 

__ __ 04 01 22 20 15 16 
__ 18 10 02 06 14 08 03 
__ 05 17 23 12 07 09 21 
__ __ 00 19 11 13 __ __ 

__ __ 18 01 02 20 15 16 
__ 05 10 14 06 22 08 03 
__ 04 17 23 12 07 09 21 
__ __ 00 19 11 13 __ __ 

__ __ 00 01 02 22 15 16 
__ 05 10 14 06 20 08 03 
__ 04 17 23 12 07 09 21 
__ __ 18 19 11 13 __ __ 

__ __ 04 01 20 22 15 16 
__ 18 10 06 14 02 08 03 
__ 00 17 23 12 07 09 21 
__ __ 05 19 11 13 __ __ 

__ __ 04 20 22 01 15 16 
__ 05 10 14 06 02 08 03 
__ 00 17 23 12 07 09 21 
__ __ 18 19 11 13 __ __ 

__ __ 00 06 22 01 15 16 
__ 04 10 14 20 02 08 03 
__ 05 17 23 12 07 09 21 
__ __ 18 19 11 13 __ __ 

__ __ 00 14 06 01 15 16 
__ 05 10 22 20 02 08 03 
__ 04 17 23 12 07 09 21 
__ __ 18 19 11 13 __ __ 

__ __ 04 20 01 14 15 16 
__ 00 10 22 02 06 08 03 
__ 18 17 23 12 07 09 21 
__ __ 05 19 11 13 __ __ 

__ __ 00 22 20 02 15 16 
__ 04 10 06 14 01 08 03 
__ 18 17 23 12 07 09 __ 
__ __ 05 19 11 13 21 __ 

__ __ 20 22 06 01 15 16 
__ 05 10 00 14 02 08 03 
__ 04 17 23 12 07 09 __ 
__ __ 18 19 11 13 21 __ 

__ __ 20 22 02 01 15 16 
__ 18 10 04 14 06 08 03 
__ 00 17 23 12 07 09 __ 
__ __ 05 19 11 13 21 __ 

__ __ 20 22 02 01 15 16 
__ 00 10 18 14 06 08 03 
__ 04 17 23 12 07 09 __ 
__ __ 05 19 11 13 21 __ 

__ __ 20 22 01 14 15 16 
__ 18 10 00 02 06 08 03 
__ 04 17 23 12 07 09 __ 
__ __ 05 19 11 13 21 __ 

__ __ 20 22 02 06 15 16 
__ 04 10 18 01 14 08 03 
__ 05 17 23 12 07 09 __ 
__ __ 00 19 11 13 21 __ 

__ __ 05 22 02 06 15 16 
__ 04 10 20 01 14 08 03 
__ 18 17 23 12 07 09 21 
__ __ 00 19 11 13 __ __ 

__ __ 05 22 20 06 15 16 
__ 18 10 02 01 14 08 03 
__ 00 17 23 12 07 09 21 
__ __ 04 19 11 13 __ __ 

__ __ 00 02 20 14 15 16 
__ 04 10 01 22 06 08 03 
__ 18 17 23 12 07 09 21 
__ __ 05 19 11 13 __ __ 

__ __ 18 02 01 14 15 16 
__ 04 10 20 22 06 08 03 
__ 00 17 23 12 07 09 21 
__ __ 05 19 11 13 __ __ 

__ __ 00 06 14 02 15 16 
__ 04 10 20 22 01 08 03 
__ 18 17 23 12 07 09 21 
__ __ 05 19 11 13 __ __ 

__ __ 00 14 06 20 15 16 
__ 05 10 01 02 22 08 03 
__ 04 17 23 12 07 09 21 
__ __ 18 19 11 13 __ __ 

__ __ 05 20 01 02 15 16 
__ 04 10 22 06 14 08 03 
__ 18 17 23 12 07 09 21 
__ __ 00 19 11 13 __ __ 

__ __ 05 20 22 02 15 16 
__ 18 10 14 06 01 08 03 
__ 04 17 23 12 07 09 21 
__ __ 00 19 11 13 __ __ 

__ __ 00 01 22 20 15 16 
__ 18 10 06 14 02 08 03 
__ 05 17 23 12 07 09 21 
__ __ 04 19 11 13 __ __ 

__ __ 14 06 01 02 15 16 
__ 05 10 00 22 20 08 03 
__ 18 17 23 12 07 09 21 
__ __ 04 19 11 13 __ __ 

__ __ 14 06 01 02 15 16 
__ 05 10 00 22 20 08 03 
__ 18 17 23 12 07 09 21 
__ __ 04 19 11 13 __ __ 

__ __ 00 14 20 01 15 16 
__ 05 10 06 22 02 08 03 
__ 04 17 23 12 07 09 21 
__ __ 18 19 11 13 __ __ 

__ __ 05 20 22 01 15 16 
__ 18 10 14 06 02 08 03 
__ 04 17 23 12 07 09 21 
__ __ 00 19 11 13 __ __ 

__ __ 18 06 14 20 15 16 
__ 05 10 02 01 22 08 03 
__ 00 17 23 12 07 09 21 
__ __ 04 19 11 13 __ __ 

__ __ 00 01 14 06 15 16 
__ 04 10 02 22 20 08 03 
__ 18 17 23 12 07 09 21 
__ __ 05 19 11 13 __ __ 

__ __ 04 06 14 01 15 16 
__ 05 10 20 22 02 08 03 
__ 00 17 23 12 07 09 21 
__ __ 18 19 11 13 __ __ 

__ __ 14 06 01 02 15 16 
__ 05 10 18 20 22 08 03 
__ 04 17 23 12 07 09 __ 
__ __ 00 19 11 13 21 __ 

__ __ 05 02 20 22 15 16 
__ 00 10 14 06 01 08 03 
__ 04 17 23 12 07 09 21 
__ __ 18 19 11 13 __ __ 

__ __ 18 01 20 22 15 16 
__ 04 10 02 06 14 08 03 
__ 05 17 23 12 07 09 21 
__ __ 00 19 11 13 __ __ 

__ __ 04 02 22 20 15 16 
__ 05 10 14 06 01 08 03 
__ 18 17 23 12 07 09 21 
__ __ 00 19 11 13 __ __ 

__ __ 18 02 22 20 15 16 
__ 04 10 01 06 14 08 03 
__ 00 17 23 12 07 09 21 
__ __ 05 19 11 13 __ __ 

__ __ 18 06 22 02 15 16 
__ 04 10 14 20 01 08 03 
__ 05 17 23 12 07 09 21 
__ __ 00 19 11 13 __ __ 

__ __ 18 01 02 22 15 16 
__ 05 10 14 06 20 08 03 
__ 04 17 23 12 07 09 21 
__ __ 00 19 11 13 __ __ 

__ __ 18 02 01 20 15 16 
__ 05 10 14 06 22 08 03 
__ 04 17 23 12 07 09 21 
__ __ 00 19 11 13 __ __ 

__ __ 05 02 01 20 15 16 
__ 04 10 14 06 22 08 03 
__ 00 17 23 12 07 09 21 
__ __ 18 19 11 13 __ __ 

__ __ 18 14 02 20 15 16 
__ 04 10 06 01 22 08 03 
__ 05 17 23 12 07 09 __ 
__ __ 00 19 11 13 21 __ 

__ __ 00 02 22 20 15 16 
__ 18 10 06 14 01 08 03 
__ 05 17 23 12 07 09 __ 
__ __ 04 19 11 13 21 __ 

__ __ 00 20 22 02 15 16 
__ 04 10 06 14 01 08 03 
__ 18 17 23 12 07 09 __ 
__ __ 05 19 11 13 21 __ 

__ __ 00 02 20 22 15 16 
__ 04 10 01 06 14 08 03 
__ 18 17 23 12 07 09 21 
__ __ 05 19 11 13 __ __ 

__ __ 04 22 06 02 15 16 
__ 05 10 20 14 01 08 03 
__ 00 17 23 12 07 09 21 
__ __ 18 19 11 13 __ __ 

__ __ 05 02 22 20 15 16 
__ 04 10 14 06 01 08 03 
__ 00 17 23 12 07 09 21 
__ __ 18 19 11 13 __ __ 

__ __ 18 14 01 22 15 16 
__ 00 10 06 02 20 08 03 
__ 04 17 23 12 07 09 21 
__ __ 05 19 11 13 __ __ 

__ __ 14 06 20 22 15 16 
__ 04 10 05 01 02 08 03 
__ 00 17 23 12 07 09 21 
__ __ 18 19 11 13 __ __ 

__ __ 18 06 20 22 15 16 
__ 05 10 14 01 02 08 03 
__ 04 17 23 12 07 09 21 
__ __ 00 19 11 13 __ __ 

__ __ 04 22 20 01 15 16 
__ 00 10 14 06 02 08 03 
__ 18 17 23 12 07 09 21 
__ __ 05 19 11 13 __ __ 

__ __ 18 01 22 20 15 16 
__ 05 10 06 14 02 08 03 
__ 04 17 23 12 07 09 21 
__ __ 00 19 11 13 __ __ 

__ __ 05 01 22 20 15 16 
__ 04 10 02 14 06 08 03 
__ 18 17 23 12 07 09 21 
__ __ 00 19 11 13 __ __ 

__ __ 18 14 06 22 15 16 
__ 00 10 01 02 20 08 03 
__ 05 17 23 12 07 09 21 
__ __ 04 19 11 13 __ __ 

__ __ 04 14 06 01 15 16 
__ 18 10 02 20 22 08 03 
__ 05 17 23 12 07 09 21 
__ __ 00 19 11 13 __ __ 

__ __ 05 02 01 22 15 16 
__ 18 10 14 06 20 08 03 
__ 00 17 23 12 07 09 21 
__ __ 04 19 11 13 __ __ 

__ __ 18 02 20 22 15 16 
__ 04 10 01 06 14 08 03 
__ 00 17 23 12 07 09 21 
__ __ 05 19 11 13 __ __ 

__ __ 04 14 06 01 15 16 
__ 18 10 20 22 02 08 03 
__ 00 17 23 12 07 09 21 
__ __ 05 19 11 13 __ __ 

__ __ 18 01 02 14 15 16 
__ 00 10 22 20 06 08 03 
__ 05 17 23 12 07 09 __ 
__ __ 04 19 11 13 21 __ 

__ __ 04 01 14 06 15 16 
__ 05 10 22 20 02 08 03 
__ 18 17 23 12 07 09 21 
__ __ 00 19 11 13 __ __ 

__ __ 18 20 14 06 15 16 
__ 00 10 22 01 02 08 03 
__ 04 17 23 12 07 09 21 
__ __ 05 19 11 13 __ __ 

__ __ 20 22 02 06 15 16 
__ 04 10 18 01 14 08 03 
__ 00 17 23 12 07 09 21 
__ __ 05 19 11 13 __ __ 

__ __ 20 22 14 01 15 16 
__ 04 10 05 06 02 08 03 
__ 00 17 23 12 07 09 21 
__ __ 18 19 11 13 __ __ 

__ __ 20 22 14 06 15 16 
__ 00 10 04 01 02 08 03 
__ 18 17 23 12 07 09 21 
__ __ 05 19 11 13 __ __ 

__ __ 20 22 06 01 15 16 
__ 00 10 04 14 02 08 03 
__ 05 17 23 12 07 09 __ 
__ __ 18 19 11 13 21 __ 

__ __ 18 22 20 01 15 16 
__ 04 10 02 14 06 08 03 
__ 05 17 23 12 07 09 __ 
__ __ 00 19 11 13 21 __ 

__ __ 04 02 20 22 15 16 
__ 05 10 01 06 14 08 03 
__ 18 17 23 12 07 09 __ 
__ __ 00 19 11 13 21 __ 

__ __ 18 02 22 14 15 16 
__ 05 10 01 20 06 08 03 
__ 04 17 23 12 07 09 21 
__ __ 00 19 11 13 __ __ 

__ __ 04 20 22 02 15 16 
__ 05 10 01 14 06 08 03 
__ 18 17 23 12 07 09 21 
__ __ 00 19 11 13 __ __ 

__ __ 04 20 22 02 15 16 
__ 18 10 01 06 14 08 03 
__ 05 17 23 12 07 09 __ 
__ __ 00 19 11 13 21 __ 

__ __ 04 02 22 06 15 16 
__ 18 10 01 20 14 08 03 
__ 05 17 23 12 07 09 __ 
__ __ 00 19 11 13 21 __ 

__ __ 04 01 06 14 15 16 
__ 05 10 02 22 20 08 03 
__ 00 17 23 12 07 09 21 
__ __ 18 19 11 13 __ __ 

__ __ 18 06 02 01 15 16 
__ 04 10 14 20 22 08 03 
__ 00 17 23 12 07 09 21 
__ __ 05 19 11 13 __ __ 

__ __ 05 06 22 20 15 16 
__ 04 10 14 02 01 08 03 
__ 00 17 23 12 07 09 21 
__ __ 18 19 11 13 __ __ 

__ __ 05 02 22 20 15 16 
__ 04 10 06 14 01 08 03 
__ 00 17 23 12 07 09 21 
__ __ 18 19 11 13 __ __ 

__ __ 18 06 02 20 15 16 
__ 05 10 14 01 22 08 03 
__ 04 17 23 12 07 09 21 
__ __ 00 19 11 13 __ __ 

__ __ 14 06 02 20 15 16 
__ 00 10 04 01 22 08 03 
__ 05 17 23 12 07 09 21 
__ __ 18 19 11 13 __ __ 

__ __ 14 06 02 20 15 16 
__ 04 10 05 01 22 08 03 
__ 18 17 23 12 07 09 21 
__ __ 00 19 11 13 __ __ 

__ __ 14 06 02 01 15 16 
__ 18 10 04 20 22 08 03 
__ 05 17 23 12 07 09 __ 
__ __ 00 19 11 13 21 __ 

__ __ 18 06 02 20 15 16 
__ 00 10 14 01 22 08 03 
__ 05 17 23 12 07 09 __ 
__ __ 04 19 11 13 21 __ 

__ __ 18 14 02 20 15 16 
__ 00 10 06 01 22 08 03 
__ 05 17 23 12 07 09 __ 
__ __ 04 19 11 13 21 __ 

__ __ 05 22 20 01 15 16 
__ 04 10 06 14 02 08 03 
__ 00 17 23 12 07 09 21 
__ __ 18 19 11 13 __ __ 

__ __ 04 14 20 22 15 16 
__ 18 10 06 02 01 08 03 
__ 00 17 23 12 07 09 21 
__ __ 05 19 11 13 __ __ 

__ __ 18 02 20 22 15 16 
__ 04 10 01 06 14 08 03 
__ 00 17 23 12 07 09 __ 
__ __ 05 19 11 13 21 __ 

__ __ 05 02 22 20 15 16 
__ 04 10 01 06 14 08 03 
__ 00 17 23 12 07 09 __ 
__ __ 18 19 11 13 21 __ 

__ __ 04 02 01 22 15 16 
__ 00 10 14 06 20 08 03 
__ 05 17 23 12 07 09 __ 
__ __ 18 19 11 13 21 __ 

__ __ 05 01 02 20 15 16 
__ 00 10 06 14 22 08 03 
__ 04 17 23 12 07 09 __ 
__ __ 18 19 11 13 21 __ 

__ __ 05 01 22 20 15 16 
__ 18 10 06 14 02 08 03 
__ 00 17 23 12 07 09 __ 
__ __ 04 19 11 13 21 __ 

__ __ 00 06 14 22 15 16 
__ 18 10 02 01 20 08 03 
__ 05 17 23 12 07 09 __ 
__ __ 04 19 11 13 21 __ 

__ __ 04 06 02 20 15 16 
__ 00 10 14 01 22 08 03 
__ 05 17 23 12 07 09 __ 
__ __ 18 19 11 13 21 __ 

__ __ 04 02 22 20 15 16 
__ 00 10 14 06 01 08 03 
__ 05 17 23 12 07 09 __ 
__ __ 18 19 11 13 21 __ 

__ __ 04 02 01 22 15 16 
__ 05 10 14 06 20 08 03 
__ 18 17 23 12 07 09 21 
__ __ 00 19 11 13 __ __ 

__ __ 18 06 02 22 15 16 
__ 05 10 14 01 20 08 03 
__ 00 17 23 12 07 09 __ 
__ __ 04 19 11 13 21 __ 

__ __ 04 02 22 20 15 16 
__ 18 10 14 06 01 08 03 
__ 05 17 23 12 07 09 __ 
__ __ 00 19 11 13 21 __ 

__ __ 05 02 01 20 15 16 
__ 18 10 14 06 22 08 03 
__ 04 17 23 12 07 09 __ 
__ __ 00 19 11 13 21 __ 

__ __ 05 01 02 20 15 16 
__ 00 10 14 06 22 08 03 
__ 04 17 23 12 07 09 __ 
__ __ 18 19 11 13 21 __ 

__ __ 05 01 02 20 15 16 
__ 04 10 14 06 22 08 03 
__ 00 17 23 12 07 09 21 
__ __ 18 19 11 13 __ __ 

__ __ 04 02 06 22 15 16 
__ 00 10 01 14 20 08 03 
__ 05 17 23 12 07 09 21 
__ __ 18 19 11 13 __ __ 

__ __ 00 01 20 14 15 16 
__ 18 10 02 22 06 08 03 
__ 04 17 23 12 07 09 21 
__ __ 05 19 11 13 __ __ 

__ __ 00 22 20 14 15 16 
__ 18 10 02 01 06 08 03 
__ 05 17 23 12 07 09 21 
__ __ 04 19 11 13 __ __ 

__ __ 00 20 01 14 15 16 
__ 18 10 22 02 06 08 03 
__ 04 17 23 12 07 09 21 
__ __ 05 19 11 13 __ __ 

__ __ 04 20 22 14 15 16 
__ 05 10 02 01 06 08 03 
__ 18 17 23 12 07 09 21 
__ __ 00 19 11 13 __ __ 

__ __ 18 22 20 01 15 16 
__ 05 10 02 06 14 08 03 
__ 00 17 23 12 07 09 __ 
__ __ 04 19 11 13 21 __ 

__ __ 04 01 22 20 15 16 
__ 05 10 02 06 14 08 03 
__ 00 17 23 12 07 09 __ 
__ __ 18 19 11 13 21 __ 

__ __ 04 01 14 06 15 16 
__ 05 10 02 20 22 08 03 
__ 00 17 23 12 07 09 __ 
__ __ 18 19 11 13 21 __ 

__ __ 18 02 20 06 15 16 
__ 00 10 01 22 14 08 03 
__ 04 17 23 12 07 09 __ 
__ __ 05 19 11 13 21 __ 

__ __ 05 01 14 06 15 16 
__ 00 10 22 20 02 08 03 
__ 04 17 23 12 07 09 __ 
__ __ 18 19 11 13 21 __ 

__ __ 05 20 06 14 15 16 
__ 18 10 22 02 01 08 03 
__ 04 17 23 12 07 09 __ 
__ __ 00 19 11 13 21 __ 

__ __ 05 20 02 14 15 16 
__ 00 10 22 01 06 08 03 
__ 04 17 23 12 07 09 __ 
__ __ 18 19 11 13 21 __ 

__ __ 05 06 14 01 15 16 
__ 18 10 22 20 02 08 03 
__ 00 17 23 12 07 09 21 
__ __ 04 19 11 13 __ __ 

__ __ 00 06 20 01 15 16 
__ 05 10 14 22 02 08 03 
__ 04 17 23 12 07 09 21 
__ __ 18 19 11 13 __ __ 

__ __ 20 22 14 02 15 16 
__ 04 10 18 06 01 08 03 
__ 05 17 23 12 07 09 __ 
__ __ 00 19 11 13 21 __ 

__ __ 20 22 01 02 15 16 
__ 04 10 18 06 14 08 03 
__ 05 17 23 12 07 09 __ 
__ __ 00 19 11 13 21 __ 

__ __ 04 22 14 06 15 16 
__ 18 10 20 01 02 08 03 
__ 05 17 23 12 07 09 __ 
__ __ 00 19 11 13 21 __ 

__ __ 05 01 14 06 15 16 
__ 00 10 20 22 02 08 03 
__ 18 17 23 12 07 09 __ 
__ __ 04 19 11 13 21 __ 

__ __ 05 01 02 06 15 16 
__ 04 10 22 20 14 08 03 
__ 18 17 23 12 07 09 __ 
__ __ 00 19 11 13 21 __ 

__ __ 00 01 02 14 15 16 
__ 05 10 22 20 06 08 03 
__ 18 17 23 12 07 09 __ 
__ __ 04 19 11 13 21 __ 

__ __ 00 02 20 06 15 16 
__ 05 10 01 22 14 08 03 
__ 04 17 23 12 07 09 21 
__ __ 18 19 11 13 __ __ 

__ __ 05 22 20 02 15 16 
__ 18 10 01 14 06 08 03 
__ 00 17 23 12 07 09 __ 
__ __ 04 19 11 13 21 __ 

__ __ 18 20 22 02 15 16 
__ 00 10 14 06 01 08 03 
__ 04 17 23 12 07 09 21 
__ __ 05 19 11 13 __ __ 

__ __ 18 20 22 01 15 16 
__ 00 10 14 06 02 08 03 
__ 04 17 23 12 07 09 21 
__ __ 05 19 11 13 __ __ 

__ __ 05 22 20 01 15 16 
__ 00 10 14 06 02 08 03 
__ 04 17 23 12 07 09 __ 
__ __ 18 19 11 13 21 __ 

__ __ 00 14 20 22 15 16 
__ 05 10 06 02 01 08 03 
__ 04 17 23 12 07 09 __ 
__ __ 18 19 11 13 21 __ 

__ __ 05 20 06 02 15 16 
__ 00 10 22 14 01 08 03 
__ 18 17 23 12 07 09 21 
__ __ 04 19 11 13 __ __ 

__ __ 00 22 14 01 15 16 
__ 05 10 20 06 02 08 03 
__ 18 17 23 12 07 09 __ 
__ __ 04 19 11 13 21 __ 

__ __ 00 14 06 01 15 16 
__ 05 10 20 22 02 08 03 
__ 04 17 23 12 07 09 __ 
__ __ 18 19 11 13 21 __ 

__ __ 00 02 14 22 15 16 
__ 18 10 01 06 20 08 03 
__ 04 17 23 12 07 09 __ 
__ __ 05 19 11 13 21 __ 

__ __ 04 02 14 06 15 16 
__ 18 10 01 22 20 08 03 
__ 00 17 23 12 07 09 __ 
__ __ 05 19 11 13 21 __ 

__ __ 05 01 06 14 15 16 
__ 00 10 22 20 02 08 03 
__ 04 17 23 12 07 09 __ 
__ __ 18 19 11 13 21 __ 

__ __ 20 22 02 06 15 16 
__ 00 10 18 01 14 08 03 
__ 04 17 23 12 07 09 __ 
__ __ 05 19 11 13 21 __ 

__ __ 20 22 06 02 15 16 
__ 04 10 18 14 01 08 03 
__ 05 17 23 12 07 09 __ 
__ __ 00 19 11 13 21 __ 

__ __ 20 22 06 01 15 16 
__ 00 10 04 14 02 08 03 
__ 05 17 23 12 07 09 __ 
__ __ 18 19 11 13 21 __ 

__ __ 20 22 14 01 15 16 
__ 04 10 18 06 02 08 03 
__ 00 17 23 12 07 09 __ 
__ __ 05 19 11 13 21 __ 

__ __ 04 20 06 02 15 16 
__ 05 10 22 14 01 08 03 
__ 00 17 23 12 07 09 __ 
__ __ 18 19 11 13 21 __ 

__ __ 00 20 06 14 15 16 
__ 05 10 22 02 01 08 03 
__ 18 17 23 12 07 09 __ 
__ __ 04 19 11 13 21 __ 

__ __ 00 22 01 02 15 16 
__ 05 10 20 14 06 08 03 
__ 18 17 23 12 07 09 21 
__ __ 04 19 11 13 __ __ 

__ __ 00 22 06 02 15 16 
__ 04 10 20 14 01 08 03 
__ 18 17 23 12 07 09 21 
__ __ 05 19 11 13 __ __ 

__ __ 20 22 14 01 15 16 
__ 00 10 04 06 02 08 03 
__ 05 17 23 12 07 09 21 
__ __ 18 19 11 13 __ __ 

__ __ 20 22 14 06 15 16 
__ 04 10 18 02 01 08 03 
__ 05 17 23 12 07 09 21 
__ __ 00 19 11 13 __ __ 

__ __ 20 22 14 01 15 16 
__ 04 10 18 06 02 08 03 
__ 05 17 23 12 07 09 __ 
__ __ 00 19 11 13 21 __ 

__ __ 20 22 02 01 15 16 
__ 04 10 18 14 06 08 03 
__ 00 17 23 12 07 09 21 
__ __ 05 19 11 13 __ __ 

__ __ 00 01 20 14 15 16 
__ 05 10 02 22 06 08 03 
__ 04 17 23 12 07 09 21 
__ __ 18 19 11 13 __ __ 

__ __ 05 01 02 14 15 16 
__ 00 10 20 22 06 08 03 
__ 18 17 23 12 07 09 21 
__ __ 04 19 11 13 __ __ 

__ __ 18 01 14 06 15 16 
__ 00 10 02 20 22 08 03 
__ 04 17 23 12 07 09 21 
__ __ 05 19 11 13 __ __ 

__ __ 00 01 02 06 15 16 
__ 18 10 20 22 14 08 03 
__ 04 17 23 12 07 09 21 
__ __ 05 19 11 13 __ __ 

__ __ 05 01 02 14 15 16 
__ 04 10 22 20 06 08 03 
__ 18 17 23 12 07 09 __ 
__ __ 00 19 11 13 21 __ 

__ __ 18 01 06 14 15 16 
__ 05 10 22 20 02 08 03 
__ 04 17 23 12 07 09 __ 
__ __ 00 19 11 13 21 __ 

__ __ 00 06 14 02 15 16 
__ 05 10 22 20 01 08 03 
__ 18 17 23 12 07 09 __ 
__ __ 04 19 11 13 21 __ 

__ __ 05 20 22 02 15 16 
__ 04 10 01 06 14 08 03 
__ 00 17 23 12 07 09 __ 
__ __ 18 19 11 13 21 __ 

__ __ 00 20 22 01 15 16 
__ 18 10 06 14 02 08 03 
__ 05 17 23 12 07 09 __ 
__ __ 04 19 11 13 21 __ 

__ __ 18 22 20 02 15 16 
__ 05 10 14 06 01 08 03 
__ 00 17 23 12 07 09 21 
__ __ 04 19 11 13 __ __ 

__ __ 00 02 20 22 15 16 
__ 04 10 14 06 01 08 03 
__ 18 17 23 12 07 09 __ 
__ __ 05 19 11 13 21 __ 

__ __ 05 01 02 22 15 16 
__ 04 10 06 14 20 08 03 
__ 00 17 23 12 07 09 21 
__ __ 18 19 11 13 __ __ 

__ __ 18 14 02 22 15 16 
__ 05 10 06 01 20 08 03 
__ 00 17 23 12 07 09 21 
__ __ 04 19 11 13 __ __ 

__ __ 14 06 02 20 15 16 
__ 00 10 04 01 22 08 03 
__ 05 17 23 12 07 09 21 
__ __ 18 19 11 13 __ __ 

__ __ 14 06 02 20 15 16 
__ 18 10 00 01 22 08 03 
__ 05 17 23 12 07 09 21 
__ __ 04 19 11 13 __ __ 

__ __ 14 06 20 22 15 16 
__ 00 10 04 01 02 08 03 
__ 18 17 23 12 07 09 21 
__ __ 05 19 11 13 __ __ 

__ __ 18 06 20 02 15 16 
__ 04 10 14 22 01 08 03 
__ 05 17 23 12 07 09 21 
__ __ 00 19 11 13 __ __ 

__ __ 18 22 20 02 15 16 
__ 00 10 06 14 01 08 03 
__ 04 17 23 12 07 09 21 
__ __ 05 19 11 13 __ __ 

__ __ 04 01 22 20 15 16 
__ 18 10 06 14 02 08 03 
__ 00 17 23 12 07 09 21 
__ __ 05 19 11 13 __ __ 

__ __ 05 02 22 20 15 16 
__ 00 10 06 14 01 08 03 
__ 18 17 23 12 07 09 21 
__ __ 04 19 11 13 __ __ 

__ __ 00 01 22 20 15 16 
__ 18 10 02 14 06 08 03 
__ 05 17 23 12 07 09 21 
__ __ 04 19 11 13 __ __ 

__ __ 04 02 22 20 15 16 
__ 00 10 01 06 14 08 03 
__ 18 17 23 12 07 09 21 
__ __ 05 19 11 13 __ __ 

__ __ 00 02 20 22 15 16 
__ 05 10 14 06 01 08 03 
__ 04 17 23 12 07 09 21 
__ __ 18 19 11 13 __ __ 

__ __ 18 22 02 01 15 16 
__ 05 10 20 14 06 08 03 
__ 04 17 23 12 07 09 __ 
__ __ 00 19 11 13 21 __ 

__ __ 18 20 02 01 15 16 
__ 04 10 22 14 06 08 03 
__ 05 17 23 12 07 09 __ 
__ __ 00 19 11 13 21 __ 

__ __ 18 22 02 01 15 16 
__ 04 10 20 14 06 08 03 
__ 00 17 23 12 07 09 __ 
__ __ 05 19 11 13 21 __ 

__ __ 18 22 20 14 15 16 
__ 05 10 02 01 06 08 03 
__ 00 17 23 12 07 09 __ 
__ __ 04 19 11 13 21 __ 

__ __ 18 02 22 20 15 16 
__ 04 10 01 14 06 08 03 
__ 00 17 23 12 07 09 __ 
__ __ 05 19 11 13 21 __ 

__ __ 05 02 22 20 15 16 
__ 18 10 01 06 14 08 03 
__ 04 17 23 12 07 09 __ 
__ __ 00 19 11 13 21 __ 

__ __ 05 06 01 22 15 16 
__ 18 10 14 02 20 08 03 
__ 04 17 23 12 07 09 __ 
__ __ 00 19 11 13 21 __ 

