21 12 30 18 19 32 26 23 
15 __ 07 10 35 16 29 00 
33 08 13 __ 03 20 04 17 
__ 34 31 01 06 27 25 02 
05 11 14 __ 24 09 22 28 

11 02 25 13 08 __ 10 22 
12 23 06 19 20 03 31 34 
16 24 32 __ 09 05 27 15 
07 28 26 33 17 14 18 __ 
__ 30 04 00 01 21 35 29 

17 23 35 10 04 19 11 28 
08 01 02 12 06 21 24 22 
05 __ 27 03 32 18 13 34 
__ 30 25 31 __ 26 07 33 
09 __ 29 00 14 15 16 20 

14 23 __ 33 __ 25 08 21 
__ 29 18 31 10 02 11 28 
17 30 20 24 15 32 12 27 
22 06 26 16 01 07 05 04 
09 19 00 03 13 35 __ 34 

17 08 23 10 26 35 25 14 
32 34 31 15 13 07 __ 18 
01 03 28 09 __ 00 __ 16 
__ 29 22 19 05 02 11 33 
12 30 06 24 21 04 20 27 

27 23 01 07 06 18 13 __ 
12 35 25 __ 03 31 32 17 
28 02 05 14 22 __ 30 15 
16 08 33 29 04 21 34 26 
00 24 __ 09 11 19 20 10 

__ __ 04 15 01 16 26 27 
__ 12 20 13 19 23 __ 22 
14 03 30 00 02 08 10 29 
35 24 09 11 33 18 31 21 
28 32 25 06 07 34 17 05 

10 20 17 09 19 13 21 30 
__ 04 03 23 24 27 25 29 
32 01 __ 31 11 07 26 __ 
16 18 02 __ 34 06 14 00 
28 33 05 12 08 15 35 22 

29 09 22 27 03 02 01 17 
15 19 06 21 __ 31 13 __ 
10 35 23 26 07 16 00 30 
34 24 18 12 __ 14 08 04 
__ 28 33 11 05 20 25 32 

06 24 16 23 17 01 33 15 
03 35 00 __ 29 31 34 __ 
12 09 27 11 14 13 18 25 
04 26 10 32 28 30 05 __ 
21 07 19 02 __ 22 08 20 

35 34 15 31 __ 24 18 09 
23 07 00 19 28 11 16 27 
30 32 20 01 14 33 17 26 
25 05 08 22 10 29 __ __ 
03 04 02 __ 13 21 06 12 

00 05 __ 02 19 04 11 17 
20 09 33 25 34 27 08 24 
32 30 15 10 06 22 12 07 
__ 14 __ 18 26 16 35 03 
23 21 31 __ 13 01 28 29 

23 24 00 32 __ 12 18 04 
__ 09 25 30 21 __ 22 16 
29 26 05 01 07 15 03 35 
34 28 06 11 31 27 13 20 
17 14 10 19 08 __ 02 33 

__ 05 32 __ 02 21 34 04 
14 27 23 00 22 11 06 12 
26 01 25 13 16 09 08 29 
07 18 28 10 __ 24 35 17 
20 03 __ 15 33 19 30 31 

22 29 03 __ 19 20 23 02 
00 14 13 30 05 08 33 25 
26 __ 16 32 35 21 10 24 
01 __ 34 06 17 11 18 12 
15 31 27 07 __ 28 09 04 

06 16 03 18 33 07 02 09 
23 __ 19 20 15 22 24 01 
00 11 08 32 __ 25 27 28 
__ 29 10 21 26 34 17 35 
04 05 __ 13 31 12 30 14 

32 02 09 34 18 __ 29 10 
21 13 07 00 __ 05 33 03 
15 06 16 30 25 04 28 19 
26 12 31 11 01 35 __ 14 
22 08 __ 23 27 17 24 20 

04 24 __ 28 33 22 03 01 
09 06 35 27 10 26 21 13 
20 17 __ 15 00 30 31 02 
29 23 __ 11 14 32 __ 34 
07 19 16 18 12 25 05 08 

31 22 11 14 10 01 __ 08 
02 05 00 12 21 25 29 20 
17 27 09 15 35 24 __ __ 
06 32 04 30 34 16 __ 26 
18 28 33 13 23 03 07 19 

__ 20 30 12 03 31 15 05 
04 28 11 34 06 02 14 19 
08 24 00 22 17 __ 13 07 
26 32 21 29 18 01 10 09 
23 __ 33 16 35 __ 27 25 

22 15 34 18 12 26 33 32 
__ 19 07 02 09 00 __ 03 
29 10 __ 06 25 11 08 27 
13 04 31 17 24 16 20 30 
05 23 21 01 14 28 35 __ 

31 __ 22 27 21 13 __ 17 
19 05 25 02 33 07 30 03 
34 23 20 06 16 26 01 35 
__ 00 09 29 12 __ 15 14 
24 08 10 11 04 32 18 28 

16 __ 27 01 32 05 02 00 
13 04 03 26 18 23 19 15 
25 34 31 08 __ 33 __ 21 
35 17 __ 20 11 09 14 24 
06 12 28 07 22 10 29 30 

03 09 34 13 __ 22 02 01 
18 06 16 33 05 00 27 35 
24 30 15 31 32 14 25 23 
21 11 17 10 28 __ __ 26 
__ 29 07 08 04 19 12 20 

07 26 21 13 31 06 01 22 
14 08 19 18 30 __ 11 20 
35 02 28 27 04 10 __ __ 
09 12 03 15 25 16 24 17 
__ 33 00 32 29 23 05 34 

30 07 13 17 12 01 31 26 
18 03 02 15 19 29 08 24 
34 33 __ 32 20 __ __ __ 
14 23 00 21 04 22 27 35 
10 16 28 11 25 05 06 09 

__ 04 00 27 05 __ 01 16 
12 26 31 23 13 __ 24 29 
08 14 03 __ 20 30 28 32 
18 21 34 19 11 25 22 15 
09 35 02 17 33 06 10 07 

08 __ __ 03 07 11 27 10 
__ 23 09 12 31 02 24 34 
22 29 15 35 __ 17 21 00 
13 32 26 28 01 18 06 16 
04 19 33 30 25 05 20 14 

13 __ 12 04 06 31 00 16 
11 15 19 05 01 07 26 __ 
__ __ 29 17 09 32 28 08 
27 20 18 24 23 14 35 02 
22 21 30 33 25 34 10 03 

08 18 06 23 07 32 __ __ 
34 22 12 00 01 26 27 33 
30 13 16 29 04 02 11 21 
__ 19 35 20 10 15 25 31 
28 09 03 05 17 24 __ 14 

23 08 24 __ 14 17 03 00 
15 13 __ 29 21 34 26 30 
32 07 06 25 04 20 __ 05 
__ 33 22 12 16 28 10 27 
02 09 19 18 01 31 11 35 

24 19 21 01 17 12 16 30 
06 04 07 08 27 35 14 23 
02 00 20 13 __ 26 15 11 
__ 09 29 32 03 22 10 25 
__ 31 34 05 33 __ 28 18 

18 02 10 14 20 03 16 27 
__ 12 04 08 21 24 __ 00 
22 23 26 17 06 09 32 31 
11 05 25 35 28 13 __ 34 
07 30 15 29 19 __ 01 33 

05 08 35 __ 04 19 20 18 
33 16 30 14 29 09 22 13 
34 17 26 23 25 12 __ 24 
02 11 31 03 __ 06 00 10 
27 32 01 __ 15 28 21 07 

04 15 21 03 10 22 08 26 
31 33 __ 30 12 __ 19 23 
05 00 18 27 25 06 14 11 
__ 17 28 01 20 13 35 02 
29 34 24 16 07 09 __ 32 

24 30 25 15 35 19 22 20 
04 33 12 00 28 10 13 09 
__ __ 11 32 16 14 05 __ 
29 07 03 06 17 27 34 31 
23 __ 01 18 21 26 02 08 

20 27 29 __ 13 23 05 17 
32 00 33 16 08 30 21 07 
24 22 09 __ 31 35 25 19 
03 __ 14 01 26 __ 34 15 
11 04 28 10 02 12 06 18 

01 __ 16 35 03 07 31 30 
14 13 17 08 28 26 18 04 
10 19 23 02 11 __ 34 00 
25 05 29 __ 21 32 12 06 
27 __ 20 15 33 24 22 09 

10 13 09 07 01 17 __ 08 
23 15 31 12 18 14 24 27 
__ 32 16 35 03 25 21 28 
02 __ 22 26 04 05 06 33 
00 11 20 30 __ 29 34 19 

26 31 21 00 11 __ 12 14 
03 24 17 22 __ 18 13 09 
01 29 28 02 __ 10 __ 33 
08 04 25 06 16 20 19 30 
07 23 15 35 32 27 34 05 

00 14 32 30 13 __ 08 __ 
24 35 07 29 25 __ 22 03 
28 05 10 27 09 17 33 __ 
06 23 20 19 15 11 31 01 
04 12 34 21 16 18 26 02 

16 19 12 05 26 29 32 31 
35 15 __ 07 23 34 20 18 
04 27 22 24 13 __ 28 __ 
17 01 09 33 30 25 06 14 
03 00 02 __ 11 21 08 10 

24 __ 34 10 11 17 28 33 
25 __ 18 01 35 15 22 19 
__ 26 31 14 21 32 __ 16 
00 27 03 30 29 07 23 20 
06 02 08 12 04 13 09 05 

01 04 __ 31 17 34 29 26 
05 22 30 13 __ 16 19 14 
07 06 12 18 10 25 08 15 
03 35 33 23 02 __ 28 __ 
27 21 11 24 09 32 00 20 

27 09 30 15 28 26 35 10 
24 05 11 06 13 21 04 19 
00 08 32 25 01 __ 22 16 
23 __ 29 31 34 __ 02 07 
18 33 17 20 14 12 03 __ 

12 27 __ 11 35 10 00 20 
34 22 24 21 14 07 02 29 
16 25 __ 26 09 23 08 05 
01 19 15 28 17 13 06 33 
04 __ 30 32 31 __ 18 03 

33 07 23 __ __ 06 03 15 
__ 30 01 22 20 34 25 09 
14 27 11 19 35 18 02 21 
24 __ 16 05 28 26 00 29 
31 32 17 04 10 13 08 12 

12 23 30 35 19 13 24 18 
28 __ 02 22 21 25 34 09 
07 10 26 06 27 15 05 03 
__ 01 29 20 33 31 14 04 
11 00 08 32 __ 16 17 __ 

06 23 16 __ 20 08 35 07 
32 __ 30 22 33 29 21 04 
13 01 25 34 24 19 28 11 
__ 05 00 27 02 26 __ 12 
17 10 15 14 31 09 03 18 

__ 32 16 07 18 22 26 13 
10 23 30 29 12 02 04 14 
__ 00 27 06 31 19 28 11 
__ 05 08 25 24 33 21 20 
03 __ 09 15 34 17 35 01 

__ 23 18 00 12 22 14 04 
32 30 __ 02 34 26 31 17 
16 08 __ 09 20 10 11 28 
05 29 27 25 24 06 21 19 
07 01 __ 15 03 13 35 33 

__ 23 30 33 13 14 26 11 
02 10 18 17 31 16 00 20 
12 32 05 34 27 22 19 28 
__ 07 03 25 24 21 06 __ 
__ 29 08 15 01 04 35 09 

10 __ 12 13 33 26 16 00 
18 14 __ 02 19 17 05 28 
__ 23 30 34 22 31 27 11 
__ 08 29 25 06 21 24 20 
07 32 09 01 15 03 35 04 

01 __ 00 26 33 17 13 16 
18 12 07 02 22 19 05 28 
__ 32 30 14 06 31 27 11 
__ 08 29 25 34 21 24 04 
__ 23 10 09 15 03 35 20 

__ 00 13 26 11 20 33 17 
23 12 02 18 05 19 27 16 
__ 07 30 22 34 28 31 14 
01 08 29 25 03 21 24 35 
__ 32 10 06 15 09 04 __ 

__ 13 00 26 05 20 27 16 
23 12 02 18 28 19 17 33 
__ 32 30 22 34 11 31 14 
01 07 29 25 15 21 24 09 
__ 08 10 06 03 35 04 __ 

__ 00 12 26 05 28 27 16 
__ 18 02 13 20 14 11 01 
32 23 30 22 34 19 31 17 
06 07 29 25 15 21 24 33 
__ 08 10 09 03 35 04 __ 

10 __ 13 18 20 28 05 16 
00 12 26 02 11 19 27 14 
32 23 30 22 34 04 31 17 
08 07 29 15 25 21 24 33 
__ __ 06 03 09 35 01 __ 

00 __ 01 12 20 28 14 11 
18 13 26 02 05 19 27 16 
32 23 30 22 06 34 31 17 
__ 08 29 15 25 21 24 33 
__ __ 07 03 09 35 10 04 

__ 10 00 18 28 20 04 11 
13 12 26 02 19 33 27 05 
32 23 30 22 21 06 24 16 
__ 08 29 15 25 34 31 17 
__ 01 07 03 09 35 14 __ 

__ 13 00 12 35 20 04 11 
18 10 26 02 19 28 27 05 
23 32 30 22 21 33 24 16 
09 07 29 15 25 34 31 17 
__ __ 08 03 06 __ 14 01 

__ 13 00 18 35 20 16 11 
12 10 26 02 19 28 27 05 
32 23 30 22 21 34 24 04 
08 07 29 15 25 01 31 17 
__ __ 09 03 06 __ 14 33 

__ 00 12 18 35 11 20 05 
13 33 26 02 19 28 27 16 
23 32 30 22 21 34 24 04 
08 03 29 15 25 01 31 17 
__ __ 07 09 06 10 14 __ 

__ 13 18 04 35 11 16 20 
00 26 02 12 19 28 27 05 
23 30 32 22 21 34 24 33 
07 29 03 15 25 10 31 17 
__ __ 08 09 06 01 14 __ 

__ 13 18 04 35 11 20 16 
00 26 12 02 19 28 27 05 
23 30 32 22 21 34 24 33 
07 08 29 15 25 10 31 17 
__ __ 03 09 06 01 14 __ 

__ 00 04 18 35 11 20 05 
13 26 12 02 19 28 27 16 
23 30 07 22 21 34 24 33 
10 32 29 15 25 03 31 17 
__ __ 08 09 06 01 14 __ 

__ 00 __ 18 35 11 16 05 
13 26 12 02 19 28 27 20 
32 23 30 22 21 34 24 33 
10 08 29 04 25 06 31 14 
01 __ 07 03 15 09 17 __ 

__ 00 10 12 35 20 16 05 
13 26 18 02 19 28 27 04 
23 30 32 22 21 11 24 33 
__ 08 29 06 25 34 31 14 
__ 01 07 03 15 09 17 __ 

__ 00 01 12 35 11 05 16 
13 26 18 02 19 28 27 33 
23 30 32 22 21 20 24 04 
__ 08 29 06 25 34 31 14 
__ 10 07 03 15 09 17 __ 

__ 13 __ 12 33 11 16 20 
00 26 18 02 19 28 27 05 
23 32 30 22 34 21 24 04 
__ 08 29 06 25 35 31 14 
__ 10 07 09 15 03 17 01 

__ 13 __ 12 33 11 16 20 
00 26 18 02 19 28 27 05 
32 30 23 22 34 21 24 04 
__ 08 29 06 25 35 31 17 
__ 10 07 09 15 03 14 01 

__ 13 __ 18 04 11 20 16 
00 26 12 02 19 28 33 27 
23 30 32 22 34 21 24 05 
__ 08 29 06 25 35 31 17 
__ 10 07 09 15 03 14 01 

__ 13 __ 12 33 11 20 16 
00 26 18 02 19 28 04 05 
23 30 32 22 21 34 24 27 
__ 08 29 35 25 06 31 17 
__ 01 07 09 15 03 14 10 

__ 13 __ 12 11 20 04 05 
00 26 18 02 19 28 33 27 
23 30 08 22 21 34 24 16 
__ 32 29 35 25 06 31 14 
__ 01 07 03 15 09 17 10 

__ 00 __ 18 20 11 04 05 
13 26 12 02 19 28 33 27 
32 30 07 22 21 34 24 16 
__ 23 29 06 25 35 31 17 
__ 01 08 09 15 03 14 10 

__ 00 __ 18 35 20 11 05 
13 26 12 02 19 28 33 27 
32 30 23 22 21 34 24 16 
__ 08 29 04 25 06 31 17 
__ 01 07 09 15 03 14 10 

__ 00 __ 18 35 20 11 05 
13 26 12 02 19 28 33 27 
32 30 23 22 21 34 24 16 
__ 08 29 06 25 04 31 17 
__ 01 07 03 15 09 14 10 

__ 00 __ 18 11 20 04 05 
13 26 12 02 19 28 33 16 
23 30 32 22 21 34 24 27 
__ 07 29 06 25 35 31 14 
__ 01 08 03 15 09 17 10 

__ 13 __ 18 11 20 04 05 
00 26 12 02 19 28 33 16 
32 30 07 22 21 34 24 27 
__ 23 29 35 25 06 31 14 
__ 01 08 09 15 03 17 10 

__ 00 __ 12 20 11 04 16 
13 26 18 02 19 28 33 05 
32 30 08 22 21 34 24 27 
__ 23 29 06 25 35 31 17 
__ 01 07 09 15 03 14 10 

__ 13 __ 18 33 11 04 05 
00 26 12 02 19 28 20 16 
23 30 32 22 34 21 24 27 
__ 08 29 06 25 35 31 14 
__ 10 07 03 15 09 17 01 

__ 00 __ 18 04 20 33 05 
13 26 12 02 19 28 11 16 
23 32 30 22 34 21 24 27 
__ 08 29 06 25 35 31 17 
__ 01 07 03 15 09 14 10 

__ 00 __ 12 33 11 20 16 
13 26 18 02 19 28 04 27 
23 32 30 22 34 21 24 05 
__ 08 29 06 25 35 31 14 
__ 10 07 03 15 09 17 01 

__ 13 __ 12 04 20 11 16 
00 26 18 02 19 28 33 05 
23 30 32 22 34 21 24 27 
__ 07 29 06 25 35 31 14 
__ 10 08 03 15 09 17 01 

__ 13 __ 18 11 20 16 05 
00 26 12 02 19 28 27 04 
23 30 07 22 34 21 24 33 
__ 32 29 06 25 35 31 14 
__ 10 08 03 15 09 01 17 

__ 00 __ 18 20 11 05 16 
13 26 12 02 19 28 27 04 
32 30 08 22 34 21 24 33 
__ 23 29 06 25 35 31 17 
__ 10 07 03 15 09 01 14 

__ 00 __ 18 20 11 05 16 
13 26 12 02 19 28 27 04 
32 30 23 22 34 21 24 33 
__ 07 29 06 25 35 31 17 
__ 10 08 03 15 09 01 14 

__ 13 __ 18 04 11 05 20 
00 26 12 02 19 28 27 16 
32 30 23 22 34 21 24 33 
__ 07 29 06 25 35 31 14 
__ 10 08 09 15 03 17 01 

__ 13 12 18 33 11 05 20 
00 26 01 02 19 28 27 16 
23 30 07 22 34 21 24 04 
__ 32 29 06 25 35 31 14 
__ 10 08 09 15 03 17 __ 

__ 13 12 18 11 20 05 33 
00 26 01 02 19 28 27 16 
32 30 08 22 34 21 24 04 
__ 23 29 06 25 35 31 14 
__ 10 07 09 15 03 17 __ 

__ 13 01 18 33 20 05 11 
00 26 12 02 19 28 27 16 
32 30 23 22 34 21 24 04 
__ 07 29 06 25 35 31 14 
__ 10 08 03 15 09 17 __ 

__ 00 __ 18 11 20 33 05 
13 26 12 02 19 28 27 16 
32 30 07 22 34 21 24 04 
23 08 29 06 25 35 31 14 
__ 10 01 09 15 03 17 __ 

__ 13 __ 18 35 20 16 05 
00 26 12 02 19 28 27 11 
32 30 07 22 21 34 24 33 
23 08 29 06 25 04 31 17 
__ 10 01 09 15 03 14 __ 

__ 13 __ 12 11 20 16 33 
00 26 18 02 19 28 27 05 
32 30 07 22 21 35 24 04 
23 01 29 06 25 34 31 17 
__ 10 08 03 15 09 14 __ 

__ 13 __ 18 20 11 16 04 
00 26 12 02 19 28 27 05 
23 30 32 22 21 34 24 33 
01 07 29 06 25 35 31 14 
__ 10 08 03 15 09 17 __ 

__ 13 __ 18 11 20 16 04 
00 26 12 02 19 28 27 05 
32 30 01 22 34 21 24 33 
23 07 29 06 25 35 31 14 
__ 10 08 03 15 09 17 __ 

__ 13 __ 18 11 20 16 04 
00 26 12 02 19 28 27 05 
23 30 08 22 34 21 24 33 
07 32 29 06 25 35 31 17 
__ 10 01 03 15 09 14 __ 

__ 13 __ 12 20 11 16 05 
00 26 18 02 19 28 27 04 
32 30 08 22 34 21 24 33 
07 23 29 06 25 35 31 17 
__ 10 01 03 15 09 14 __ 

__ 13 __ 12 20 11 16 05 
00 26 18 02 19 28 27 33 
23 30 08 22 34 21 24 04 
07 32 29 06 25 35 31 17 
__ 10 01 03 15 09 14 __ 

__ 13 __ 12 11 20 16 04 
00 26 18 02 28 19 27 05 
32 30 01 22 34 21 24 33 
07 23 29 06 25 35 31 17 
__ 10 08 03 15 09 14 __ 

__ 13 __ 12 11 20 04 05 
00 26 18 02 28 19 27 16 
32 30 10 22 34 21 24 33 
07 23 29 06 25 35 31 14 
__ 01 08 03 15 09 17 __ 

__ 13 __ 18 20 11 05 33 
00 26 12 02 19 28 27 16 
32 30 23 22 34 21 24 04 
07 10 29 06 25 35 31 14 
__ 01 08 03 15 09 17 __ 

__ 00 __ 18 20 11 05 16 
13 26 12 02 19 28 27 33 
23 30 10 22 34 21 24 04 
32 08 29 06 25 35 31 14 
__ 01 07 09 15 03 17 __ 

__ 00 __ 18 20 11 16 05 
13 26 12 02 19 28 27 04 
32 30 10 22 34 21 24 33 
23 08 29 06 25 35 31 14 
__ 01 07 03 15 09 17 __ 

__ 13 __ 18 20 11 16 04 
00 26 12 02 28 19 27 05 
32 30 01 22 34 21 24 33 
23 07 29 06 25 35 31 14 
__ 10 08 03 15 09 17 __ 

21 12 30 18 19 32 26 23 
15 __ 07 10 35 16 29 00 
33 08 13 __ 03 20 04 17 
__ 34 31 01 06 27 25 02 
05 11 14 __ 24 09 22 28 

11 02 25 13 08 __ 10 22 
12 23 06 19 20 03 31 34 
16 24 32 __ 09 05 27 15 
07 28 26 33 17 14 18 __ 
__ 30 04 00 01 21 35 29 

17 23 35 10 04 19 11 28 
08 01 02 12 06 21 24 22 
05 __ 27 03 32 18 13 34 
__ 30 25 31 __ 26 07 33 
09 __ 29 00 14 15 16 20 

14 23 __ 33 __ 25 08 21 
__ 29 18 31 10 02 11 28 
17 30 20 24 15 32 12 27 
22 06 26 16 01 07 05 04 
09 19 00 03 13 35 __ 34 

17 08 23 10 26 35 25 14 
32 34 31 15 13 07 __ 18 
01 03 28 09 __ 00 __ 16 
__ 29 22 19 05 02 11 33 
12 30 06 24 21 04 20 27 

27 23 01 07 06 18 13 __ 
12 35 25 __ 03 31 32 17 
28 02 05 14 22 __ 30 15 
16 08 33 29 04 21 34 26 
00 24 __ 09 11 19 20 10 

__ __ 04 15 01 16 26 27 
__ 12 20 13 19 23 __ 22 
14 03 30 00 02 08 10 29 
35 24 09 11 33 18 31 21 
28 32 25 06 07 34 17 05 

10 20 17 09 19 13 21 30 
__ 04 03 23 24 27 25 29 
32 01 __ 31 11 07 26 __ 
16 18 02 __ 34 06 14 00 
28 33 05 12 08 15 35 22 

29 09 22 27 03 02 01 17 
15 19 06 21 __ 31 13 __ 
10 35 23 26 07 16 00 30 
34 24 18 12 __ 14 08 04 
__ 28 33 11 05 20 25 32 

06 24 16 23 17 01 33 15 
03 35 00 __ 29 31 34 __ 
12 09 27 11 14 13 18 25 
04 26 10 32 28 30 05 __ 
21 07 19 02 __ 22 08 20 

35 34 15 31 __ 24 18 09 
23 07 00 19 28 11 16 27 
30 32 20 01 14 33 17 26 
25 05 08 22 10 29 __ __ 
03 04 02 __ 13 21 06 12 

00 05 __ 02 19 04 11 17 
20 09 33 25 34 27 08 24 
32 30 15 10 06 22 12 07 
__ 14 __ 18 26 16 35 03 
23 21 31 __ 13 01 28 29 

23 24 00 32 __ 12 18 04 
__ 09 25 30 21 __ 22 16 
29 26 05 01 07 15 03 35 
34 28 06 11 31 27 13 20 
17 14 10 19 08 __ 02 33 

__ 05 32 __ 02 21 34 04 
14 27 23 00 22 11 06 12 
26 01 25 13 16 09 08 29 
07 18 28 10 __ 24 35 17 
20 03 __ 15 33 19 30 31 

22 29 03 __ 19 20 23 02 
00 14 13 30 05 08 33 25 
26 __ 16 32 35 21 10 24 
01 __ 34 06 17 11 18 12 
15 31 27 07 __ 28 09 04 

06 16 03 18 33 07 02 09 
23 __ 19 20 15 22 24 01 
00 11 08 32 __ 25 27 28 
__ 29 10 21 26 34 17 35 
04 05 __ 13 31 12 30 14 

32 02 09 34 18 __ 29 10 
21 13 07 00 __ 05 33 03 
15 06 16 30 25 04 28 19 
26 12 31 11 01 35 __ 14 
22 08 __ 23 27 17 24 20 

04 24 __ 28 33 22 03 01 
09 06 35 27 10 26 21 13 
20 17 __ 15 00 30 31 02 
29 23 __ 11 14 32 __ 34 
07 19 16 18 12 25 05 08 

31 22 11 14 10 01 __ 08 
02 05 00 12 21 25 29 20 
17 27 09 15 35 24 __ __ 
06 32 04 30 34 16 __ 26 
18 28 33 13 23 03 07 19 

__ 20 30 12 03 31 15 05 
04 28 11 34 06 02 14 19 
08 24 00 22 17 __ 13 07 
26 32 21 29 18 01 10 09 
23 __ 33 16 35 __ 27 25 

22 15 34 18 12 26 33 32 
__ 19 07 02 09 00 __ 03 
29 10 __ 06 25 11 08 27 
13 04 31 17 24 16 20 30 
05 23 21 01 14 28 35 __ 

31 __ 22 27 21 13 __ 17 
19 05 25 02 33 07 30 03 
34 23 20 06 16 26 01 35 
__ 00 09 29 12 __ 15 14 
24 08 10 11 04 32 18 28 

16 __ 27 01 32 05 02 00 
13 04 03 26 18 23 19 15 
25 34 31 08 __ 33 __ 21 
35 17 __ 20 11 09 14 24 
06 12 28 07 22 10 29 30 

03 09 34 13 __ 22 02 01 
18 06 16 33 05 00 27 35 
24 30 15 31 32 14 25 23 
21 11 17 10 28 __ __ 26 
__ 29 07 08 04 19 12 20 

07 26 21 13 31 06 01 22 
14 08 19 18 30 __ 11 20 
35 02 28 27 04 10 __ __ 
09 12 03 15 25 16 24 17 
__ 33 00 32 29 23 05 34 

30 07 13 17 12 01 31 26 
18 03 02 15 19 29 08 24 
34 33 __ 32 20 __ __ __ 
14 23 00 21 04 22 27 35 
10 16 28 11 25 05 06 09 

__ 04 00 27 05 __ 01 16 
12 26 31 23 13 __ 24 29 
08 14 03 __ 20 30 28 32 
18 21 34 19 11 25 22 15 
09 35 02 17 33 06 10 07 

08 __ __ 03 07 11 27 10 
__ 23 09 12 31 02 24 34 
22 29 15 35 __ 17 21 00 
13 32 26 28 01 18 06 16 
04 19 33 30 25 05 20 14 

13 __ 12 04 06 31 00 16 
11 15 19 05 01 07 26 __ 
__ __ 29 17 09 32 28 08 
27 20 18 24 23 14 35 02 
22 21 30 33 25 34 10 03 

08 18 06 23 07 32 __ __ 
34 22 12 00 01 26 27 33 
30 13 16 29 04 02 11 21 
__ 19 35 20 10 15 25 31 
28 09 03 05 17 24 __ 14 

23 08 24 __ 14 17 03 00 
15 13 __ 29 21 34 26 30 
32 07 06 25 04 20 __ 05 
__ 33 22 12 16 28 10 27 
02 09 19 18 01 31 11 35 

24 19 21 01 17 12 16 30 
06 04 07 08 27 35 14 23 
02 00 20 13 __ 26 15 11 
__ 09 29 32 03 22 10 25 
__ 31 34 05 33 __ 28 18 

18 02 10 14 20 03 16 27 
__ 12 04 08 21 24 __ 00 
22 23 26 17 06 09 32 31 
11 05 25 35 28 13 __ 34 
07 30 15 29 19 __ 01 33 

05 08 35 __ 04 19 20 18 
33 16 30 14 29 09 22 13 
34 17 26 23 25 12 __ 24 
02 11 31 03 __ 06 00 10 
27 32 01 __ 15 28 21 07 

04 15 21 03 10 22 08 26 
31 33 __ 30 12 __ 19 23 
05 00 18 27 25 06 14 11 
__ 17 28 01 20 13 35 02 
29 34 24 16 07 09 __ 32 

24 30 25 15 35 19 22 20 
04 33 12 00 28 10 13 09 
__ __ 11 32 16 14 05 __ 
29 07 03 06 17 27 34 31 
23 __ 01 18 21 26 02 08 

20 27 29 __ 13 23 05 17 
32 00 33 16 08 30 21 07 
24 22 09 __ 31 35 25 19 
03 __ 14 01 26 __ 34 15 
11 04 28 10 02 12 06 18 

01 __ 16 35 03 07 31 30 
14 13 17 08 28 26 18 04 
10 19 23 02 11 __ 34 00 
25 05 29 __ 21 32 12 06 
27 __ 20 15 33 24 22 09 

10 13 09 07 01 17 __ 08 
23 15 31 12 18 14 24 27 
__ 32 16 35 03 25 21 28 
02 __ 22 26 04 05 06 33 
00 11 20 30 __ 29 34 19 

26 31 21 00 11 __ 12 14 
03 24 17 22 __ 18 13 09 
01 29 28 02 __ 10 __ 33 
08 04 25 06 16 20 19 30 
07 23 15 35 32 27 34 05 

00 14 32 30 13 __ 08 __ 
24 35 07 29 25 __ 22 03 
28 05 10 27 09 17 33 __ 
06 23 20 19 15 11 31 01 
04 12 34 21 16 18 26 02 

16 19 12 05 26 29 32 31 
35 15 __ 07 23 34 20 18 
04 27 22 24 13 __ 28 __ 
17 01 09 33 30 25 06 14 
03 00 02 __ 11 21 08 10 

24 __ 34 10 11 17 28 33 
25 __ 18 01 35 15 22 19 
__ 26 31 14 21 32 __ 16 
00 27 03 30 29 07 23 20 
06 02 08 12 04 13 09 05 

01 04 __ 31 17 34 29 26 
05 22 30 13 __ 16 19 14 
07 06 12 18 10 25 08 15 
03 35 33 23 02 __ 28 __ 
27 21 11 24 09 32 00 20 

27 09 30 15 28 26 35 10 
24 05 11 06 13 21 04 19 
00 08 32 25 01 __ 22 16 
23 __ 29 31 34 __ 02 07 
18 33 17 20 14 12 03 __ 

12 27 __ 11 35 10 00 20 
34 22 24 21 14 07 02 29 
16 25 __ 26 09 23 08 05 
01 19 15 28 17 13 06 33 
04 __ 30 32 31 __ 18 03 

33 07 23 __ __ 06 03 15 
__ 30 01 22 20 34 25 09 
14 27 11 19 35 18 02 21 
24 __ 16 05 28 26 00 29 
31 32 17 04 10 13 08 12 

12 23 30 35 19 13 24 18 
28 __ 02 22 21 25 34 09 
07 10 26 06 27 15 05 03 
__ 01 29 20 33 31 14 04 
11 00 08 32 __ 16 17 __ 

06 23 16 __ 20 08 35 07 
32 __ 30 22 33 29 21 04 
13 01 25 34 24 19 28 11 
__ 05 00 27 02 26 __ 12 
17 10 15 14 31 09 03 18 

__ 32 16 07 18 22 26 13 
10 23 30 29 12 02 04 14 
__ 00 27 06 31 19 28 11 
__ 05 08 25 24 33 21 20 
03 __ 09 15 34 17 35 01 

__ 23 18 00 12 22 14 04 
32 30 __ 02 34 26 31 17 
16 08 __ 09 20 10 11 28 
05 29 27 25 24 06 21 19 
07 01 __ 15 03 13 35 33 

__ 23 30 33 13 14 26 11 
02 10 18 17 31 16 00 20 
12 32 05 34 27 22 19 28 
__ 07 03 25 24 21 06 __ 
__ 29 08 15 01 04 35 09 

10 __ 12 13 33 26 16 00 
18 14 __ 02 19 17 05 28 
__ 23 30 34 22 31 27 11 
__ 08 29 25 06 21 24 20 
07 32 09 01 15 03 35 04 

01 __ 00 26 33 17 13 16 
18 12 07 02 22 19 05 28 
__ 32 30 14 06 31 27 11 
__ 08 29 25 34 21 24 04 
__ 23 10 09 15 03 35 20 

__ 00 13 26 11 20 33 17 
23 12 02 18 05 19 27 16 
__ 07 30 22 34 28 31 14 
01 08 29 25 03 21 24 35 
__ 32 10 06 15 09 04 __ 

__ 13 00 26 05 20 27 16 
23 12 02 18 28 19 17 33 
__ 32 30 22 34 11 31 14 
01 07 29 25 15 21 24 09 
__ 08 10 06 03 35 04 __ 

__ 00 12 26 05 28 27 16 
__ 18 02 13 20 14 11 01 
32 23 30 22 34 19 31 17 
06 07 29 25 15 21 24 33 
__ 08 10 09 03 35 04 __ 

10 __ 13 18 20 28 05 16 
00 12 26 02 11 19 27 14 
32 23 30 22 34 04 31 17 
08 07 29 15 25 21 24 33 
__ __ 06 03 09 35 01 __ 

00 __ 01 12 20 28 14 11 
18 13 26 02 05 19 27 16 
32 23 30 22 06 34 31 17 
__ 08 29 15 25 21 24 33 
__ __ 07 03 09 35 10 04 

__ 10 00 18 28 20 04 11 
13 12 26 02 19 33 27 05 
32 23 30 22 21 06 24 16 
__ 08 29 15 25 34 31 17 
__ 01 07 03 09 35 14 __ 

__ 13 00 12 35 20 04 11 
18 10 26 02 19 28 27 05 
23 32 30 22 21 33 24 16 
09 07 29 15 25 34 31 17 
__ __ 08 03 06 __ 14 01 

__ 13 00 18 35 20 16 11 
12 10 26 02 19 28 27 05 
32 23 30 22 21 34 24 04 
08 07 29 15 25 01 31 17 
__ __ 09 03 06 __ 14 33 

__ 00 12 18 35 11 20 05 
13 33 26 02 19 28 27 16 
23 32 30 22 21 34 24 04 
08 03 29 15 25 01 31 17 
__ __ 07 09 06 10 14 __ 

__ 13 18 04 35 11 16 20 
00 26 02 12 19 28 27 05 
23 30 32 22 21 34 24 33 
07 29 03 15 25 10 31 17 
__ __ 08 09 06 01 14 __ 

__ 13 18 04 35 11 20 16 
00 26 12 02 19 28 27 05 
23 30 32 22 21 34 24 33 
07 08 29 15 25 10 31 17 
__ __ 03 09 06 01 14 __ 

__ 00 04 18 35 11 20 05 
13 26 12 02 19 28 27 16 
23 30 07 22 21 34 24 33 
10 32 29 15 25 03 31 17 
__ __ 08 09 06 01 14 __ 

__ 00 __ 18 35 11 16 05 
13 26 12 02 19 28 27 20 
32 23 30 22 21 34 24 33 
10 08 29 04 25 06 31 14 
01 __ 07 03 15 09 17 __ 

__ 00 10 12 35 20 16 05 
13 26 18 02 19 28 27 04 
23 30 32 22 21 11 24 33 
__ 08 29 06 25 34 31 14 
__ 01 07 03 15 09 17 __ 

__ 00 01 12 35 11 05 16 
13 26 18 02 19 28 27 33 
23 30 32 22 21 20 24 04 
__ 08 29 06 25 34 31 14 
__ 10 07 03 15 09 17 __ 

__ 13 __ 12 33 11 16 20 
00 26 18 02 19 28 27 05 
23 32 30 22 34 21 24 04 
__ 08 29 06 25 35 31 14 
__ 10 07 09 15 03 17 01 

__ 13 __ 12 33 11 16 20 
00 26 18 02 19 28 27 05 
32 30 23 22 34 21 24 04 
__ 08 29 06 25 35 31 17 
__ 10 07 09 15 03 14 01 

__ 13 __ 18 04 11 20 16 
00 26 12 02 19 28 33 27 
23 30 32 22 34 21 24 05 
__ 08 29 06 25 35 31 17 
__ 10 07 09 15 03 14 01 

__ 13 __ 12 33 11 20 16 
00 26 18 02 19 28 04 05 
23 30 32 22 21 34 24 27 
__ 08 29 35 25 06 31 17 
__ 01 07 09 15 03 14 10 

__ 13 __ 12 11 20 04 05 
00 26 18 02 19 28 33 27 
23 30 08 22 21 34 24 16 
__ 32 29 35 25 06 31 14 
__ 01 07 03 15 09 17 10 

__ 00 __ 18 20 11 04 05 
13 26 12 02 19 28 33 27 
32 30 07 22 21 34 24 16 
__ 23 29 06 25 35 31 17 
__ 01 08 09 15 03 14 10 

__ 00 __ 18 35 20 11 05 
13 26 12 02 19 28 33 27 
32 30 23 22 21 34 24 16 
__ 08 29 04 25 06 31 17 
__ 01 07 09 15 03 14 10 

__ 00 __ 18 35 20 11 05 
13 26 12 02 19 28 33 27 
32 30 23 22 21 34 24 16 
__ 08 29 06 25 04 31 17 
__ 01 07 03 15 09 14 10 

__ 00 __ 18 11 20 04 05 
13 26 12 02 19 28 33 16 
23 30 32 22 21 34 24 27 
__ 07 29 06 25 35 31 14 
__ 01 08 03 15 09 17 10 

__ 13 __ 18 11 20 04 05 
00 26 12 02 19 28 33 16 
32 30 07 22 21 34 24 27 
__ 23 29 35 25 06 31 14 
__ 01 08 09 15 03 17 10 

__ 00 __ 12 20 11 04 16 
13 26 18 02 19 28 33 05 
32 30 08 22 21 34 24 27 
__ 23 29 06 25 35 31 17 
__ 01 07 09 15 03 14 10 

__ 13 __ 18 33 11 04 05 
00 26 12 02 19 28 20 16 
23 30 32 22 34 21 24 27 
__ 08 29 06 25 35 31 14 
__ 10 07 03 15 09 17 01 

__ 00 __ 18 04 20 33 05 
13 26 12 02 19 28 11 16 
23 32 30 22 34 21 24 27 
__ 08 29 06 25 35 31 17 
__ 01 07 03 15 09 14 10 

__ 00 __ 12 33 11 20 16 
13 26 18 02 19 28 04 27 
23 32 30 22 34 21 24 05 
__ 08 29 06 25 35 31 14 
__ 10 07 03 15 09 17 01 

__ 13 __ 12 04 20 11 16 
00 26 18 02 19 28 33 05 
23 30 32 22 34 21 24 27 
__ 07 29 06 25 35 31 14 
__ 10 08 03 15 09 17 01 

__ 13 __ 18 11 20 16 05 
00 26 12 02 19 28 27 04 
23 30 07 22 34 21 24 33 
__ 32 29 06 25 35 31 14 
__ 10 08 03 15 09 01 17 

__ 00 __ 18 20 11 05 16 
13 26 12 02 19 28 27 04 
32 30 08 22 34 21 24 33 
__ 23 29 06 25 35 31 17 
__ 10 07 03 15 09 01 14 

__ 00 __ 18 20 11 05 16 
13 26 12 02 19 28 27 04 
32 30 23 22 34 21 24 33 
__ 07 29 06 25 35 31 17 
__ 10 08 03 15 09 01 14 

__ 13 __ 18 04 11 05 20 
00 26 12 02 19 28 27 16 
32 30 23 22 34 21 24 33 
__ 07 29 06 25 35 31 14 
__ 10 08 09 15 03 17 01 

__ 13 12 18 33 11 05 20 
00 26 01 02 19 28 27 16 
23 30 07 22 34 21 24 04 
__ 32 29 06 25 35 31 14 
__ 10 08 09 15 03 17 __ 

__ 13 12 18 11 20 05 33 
00 26 01 02 19 28 27 16 
32 30 08 22 34 21 24 04 
__ 23 29 06 25 35 31 14 
__ 10 07 09 15 03 17 __ 

__ 13 01 18 33 20 05 11 
00 26 12 02 19 28 27 16 
32 30 23 22 34 21 24 04 
__ 07 29 06 25 35 31 14 
__ 10 08 03 15 09 17 __ 

__ 00 __ 18 11 20 33 05 
13 26 12 02 19 28 27 16 
32 30 07 22 34 21 24 04 
23 08 29 06 25 35 31 14 
__ 10 01 09 15 03 17 __ 

__ 13 __ 18 35 20 16 05 
00 26 12 02 19 28 27 11 
32 30 07 22 21 34 24 33 
23 08 29 06 25 04 31 17 
__ 10 01 09 15 03 14 __ 

__ 13 __ 12 11 20 16 33 
00 26 18 02 19 28 27 05 
32 30 07 22 21 35 24 04 
23 01 29 06 25 34 31 17 
__ 10 08 03 15 09 14 __ 

__ 13 __ 18 20 11 16 04 
00 26 12 02 19 28 27 05 
23 30 32 22 21 34 24 33 
01 07 29 06 25 35 31 14 
__ 10 08 03 15 09 17 __ 

__ 13 __ 18 11 20 16 04 
00 26 12 02 19 28 27 05 
32 30 01 22 34 21 24 33 
23 07 29 06 25 35 31 14 
__ 10 08 03 15 09 17 __ 

__ 13 __ 18 11 20 16 04 
00 26 12 02 19 28 27 05 
23 30 08 22 34 21 24 33 
07 32 29 06 25 35 31 17 
__ 10 01 03 15 09 14 __ 

__ 13 __ 12 20 11 16 05 
00 26 18 02 19 28 27 04 
32 30 08 22 34 21 24 33 
07 23 29 06 25 35 31 17 
__ 10 01 03 15 09 14 __ 

__ 13 __ 12 20 11 16 05 
00 26 18 02 19 28 27 33 
23 30 08 22 34 21 24 04 
07 32 29 06 25 35 31 17 
__ 10 01 03 15 09 14 __ 

__ 13 __ 12 11 20 16 04 
00 26 18 02 28 19 27 05 
32 30 01 22 34 21 24 33 
07 23 29 06 25 35 31 17 
__ 10 08 03 15 09 14 __ 

__ 13 __ 12 11 20 04 05 
00 26 18 02 28 19 27 16 
32 30 10 22 34 21 24 33 
07 23 29 06 25 35 31 14 
__ 01 08 03 15 09 17 __ 

__ 13 __ 18 20 11 05 33 
00 26 12 02 19 28 27 16 
32 30 23 22 34 21 24 04 
07 10 29 06 25 35 31 14 
__ 01 08 03 15 09 17 __ 

__ 00 __ 18 20 11 05 16 
13 26 12 02 19 28 27 33 
23 30 10 22 34 21 24 04 
32 08 29 06 25 35 31 14 
__ 01 07 09 15 03 17 __ 

__ 00 __ 18 20 11 16 05 
13 26 12 02 19 28 27 04 
32 30 10 22 34 21 24 33 
23 08 29 06 25 35 31 14 
__ 01 07 03 15 09 17 __ 

__ 13 __ 18 20 11 16 04 
00 26 12 02 28 19 27 05 
32 30 01 22 34 21 24 33 
23 07 29 06 25 35 31 14 
__ 10 08 03 15 09 17 __ 

