37125 93
27843.8 101
20882.8 96
15662.1 84
11746.6 105
8809.94 93
6607.45 86
4955.59 85
3716.69 92
2787.52 88
2090.64 87
1567.98 93
1175.98 88
881.988 96
661.491 78
496.118 90
372.089 92
279.067 73
209.3 87
156.975 75
117.731 86
88.2984 93
66.2238 87
49.6679 79
37.2509 95
27.9382 86
20.9536 91
15.7152 99
11.7864 98
8.83981 99
6.62986 85
4.9724 67
3.7293 79
2.79697 62
2.09773 50
1.5733 52
1.17997 51
0.884979 45
0.663735 38
0.497801 38
0.373351 38
0.280013 37
0.21001 37
0.157507 36
0.118131 36
0.0885979 36
0.0664484 36
0.0498363 36
0.0373772 36
0.0280329 36
0.0210247 36
0.0157685 36
0.0118264 36
0.00886979 36
0.00665234 36
0.00498926 36
0.00374194 36
0.00280646 36
0.00210484 36
0.00157863 36
0.00118397 36
0.000887981 36
0.000665986 36
0.000499489 36
0.000374617 36
0.000280963 36
0.000210722 36
0.000158041 36
0.000118531 36
8.88983e-005 36
6.66738e-005 36
5.00053e-005 36
3.7504e-005 36
2.8128e-005 36
