39600 93
31680 101
25344 96
20275.2 84
16220.2 105
12976.1 93
10380.9 86
8304.72 85
6643.78 92
5315.02 88
4252.02 87
3401.61 93
2721.29 88
2177.03 96
1741.63 78
1393.3 90
1114.64 92
891.713 73
713.37 87
570.696 75
456.557 86
365.246 93
292.196 87
233.757 79
187.006 95
149.605 86
119.684 91
95.7469 99
76.5975 96
61.278 93
49.0224 103
39.2179 100
31.3744 85
25.0995 97
20.0796 93
16.0637 97
12.8509 83
10.2807 90
8.2246 90
6.57968 83
5.26374 76
4.21099 73
3.3688 66
2.69504 62
2.15603 48
1.72482 58
1.37986 55
1.10389 44
0.88311 43
0.706488 42
0.56519 42
0.452152 42
0.361722 41
0.289377 41
0.231502 40
0.185201 39
0.148161 39
0.118529 39
0.0948232 39
0.0758585 39
0.0606868 39
0.0485495 38
0.0388396 37
0.0310717 37
0.0248573 37
0.0198859 37
0.0159087 37
0.0127269 37
0.0101816 37
0.00814525 37
0.0065162 37
0.00521296 37
0.00417037 37
0.00333629 37
0.00266903 37
0.00213523 37
0.00170818 37
0.00136655 37
0.00109324 37
0.000874589 37
0.000699671 37
0.000559737 37
0.00044779 37
0.000358232 37
0.000286585 37
0.000229268 37
0.000183415 37
0.000146732 37
0.000117385 37
9.39083e-005 37
7.51266e-005 37
6.01013e-005 37
4.80811e-005 37
3.84648e-005 37
3.07719e-005 37
