42075 93
35763.8 101
30399.2 96
25839.3 84
21963.4 105
18668.9 93
15868.6 86
13488.3 85
11465 92
9745.28 88
8283.49 87
7040.97 93
5984.82 88
5087.1 96
4324.03 78
3675.43 90
3124.11 92
2655.5 73
2257.17 87
1918.6 75
1630.81 86
1386.19 93
1178.26 87
1001.52 79
851.292 95
723.598 86
615.058 91
522.799 99
444.38 96
377.723 93
321.064 103
272.905 100
231.969 85
197.174 97
167.598 93
142.458 97
121.089 83
102.926 93
87.487 91
74.3639 98
63.2093 90
53.7279 84
45.6687 89
38.8184 84
32.9957 89
28.0463 82
23.8394 106
20.2635 104
17.2239 94
14.6404 81
12.4443 95
10.5777 84
8.99101 75
7.64235 88
6.496 83
5.5216 77
4.69336 72
3.98936 60
3.39095 62
2.88231 69
2.44996 52
2.08247 56
1.7701 54
1.50458 55
1.2789 46
1.08706 43
0.924003 41
0.785402 40
0.667592 38
0.567453 37
0.482335 37
0.409985 36
0.348487 36
0.296214 36
0.251782 36
0.214015 35
0.181912 35
0.154626 35
0.131432 35
0.111717 35
0.0949594 35
0.0807155 34
0.0686082 34
0.058317 34
0.0495694 34
0.042134 34
0.0358139 34
0.0304418 34
0.0258755 34
0.0219942 34
0.0186951 34
0.0158908 34
0.0135072 34
0.0114811 34
0.00975895 34
0.00829511 34
0.00705084 34
0.00599322 34
0.00509423 34
0.0043301 34
0.00368058 34
0.0031285 34
0.00265922 34
0.00226034 34
0.00192129 34
0.00163309 34
0.00138813 34
0.00117991 34
0.00100292 34
0.000852486 34
0.000724613 34
0.000615921 34
0.000523533 34
0.000445003 34
0.000378252 34
0.000321515 34
0.000273287 34
0.000232294 34
0.00019745 34
0.000167833 34
0.000142658 34
0.000121259 34
0.00010307 34
8.76097e-005 34
7.44682e-005 34
6.3298e-005 34
5.38033e-005 34
4.57328e-005 34
3.88729e-005 34
3.30419e-005 34
2.80856e-005 34
