47025 93
44673.8 101
42440.1 96
40318.1 84
38302.2 105
36387 93
34567.7 86
32839.3 85
31197.3 92
29637.5 88
28155.6 87
26747.8 93
25410.4 88
24139.9 96
22932.9 78
21786.3 90
20697 92
19662.1 73
18679 87
17745.1 75
16857.8 86
16014.9 93
15214.2 87
14453.5 79
13730.8 95
13044.2 86
12392 91
11772.4 99
11183.8 96
10624.6 93
10093.4 103
9588.72 100
9109.28 85
8653.82 97
8221.13 93
7810.07 97
7419.57 83
7048.59 93
6696.16 91
6361.35 98
6043.28 90
5741.12 84
5454.06 89
5181.36 84
4922.29 89
4676.18 82
4442.37 106
4220.25 104
4009.24 94
3808.78 81
3618.34 95
3437.42 89
3265.55 82
3102.27 97
2947.16 89
2799.8 73
2659.81 94
2526.82 87
2400.48 100
2280.46 95
2166.43 87
2058.11 75
1955.21 102
1857.44 85
1764.57 76
1676.34 94
1592.53 92
1512.9 80
1437.26 93
1365.39 94
1297.12 91
1232.27 88
1170.65 92
1112.12 75
1056.51 90
1003.69 92
953.505 108
905.829 92
860.538 97
817.511 88
776.635 85
737.804 95
700.914 88
665.868 88
632.574 76
600.946 98
570.898 81
542.354 85
515.236 85
489.474 82
465 94
441.75 79
419.663 91
398.68 101
378.746 85
359.808 89
341.818 99
324.727 97
308.491 102
293.066 97
278.413 83
264.492 91
251.268 85
238.704 93
226.769 89
215.431 97
204.659 89
194.426 96
184.705 88
175.47 97
166.696 103
158.361 97
150.443 93
142.921 87
135.775 102
128.986 86
122.537 87
116.41 85
110.59 81
105.06 88
99.8071 87
94.8167 84
90.0759 93
85.5721 86
81.2935 88
77.2288 95
73.3674 102
69.699 83
66.2141 88
62.9034 93
59.7582 102
56.7703 92
53.9318 96
51.2352 97
48.6734 98
46.2398 90
43.9278 87
41.7314 75
39.6448 83
37.6626 91
35.7794 90
33.9905 105
32.2909 87
30.6764 95
29.1426 88
27.6854 100
26.3012 80
24.9861 81
23.7368 83
22.55 81
21.4225 109
20.3513 83
19.3338 88
18.3671 86
17.4487 83
16.5763 79
15.7475 86
14.9601 97
14.2121 85
13.5015 77
12.8264 109
12.1851 90
11.5758 89
10.9971 80
10.4472 83
9.92484 85
9.4286 81
8.95717 82
8.50931 76
8.08385 92
7.67965 70
7.29567 79
6.93089 77
6.58434 85
6.25513 75
5.94237 74
5.64525 82
5.36299 79
5.09484 69
4.8401 77
4.59809 71
4.36819 72
4.14978 74
3.94229 69
3.74518 70
3.55792 63
3.38002 69
3.21102 72
3.05047 70
2.89795 65
2.75305 67
2.6154 53
2.48463 49
2.36039 52
2.24237 46
2.13026 51
2.02374 46
1.92256 54
1.82643 51
1.73511 48
1.64835 54
1.56593 54
1.48764 53
1.41326 50
1.34259 45
1.27546 43
1.21169 42
1.15111 41
1.09355 39
1.03887 37
0.986929 37
0.937583 37
0.890703 37
0.846168 37
0.80386 37
0.763667 37
0.725484 37
0.689209 37
0.654749 37
0.622011 37
0.590911 37
0.561365 37
0.533297 37
0.506632 37
0.481301 37
0.457236 37
0.434374 37
0.412655 37
0.392022 37
0.372421 36
0.3538 36
0.33611 36
0.319305 36
0.303339 36
0.288172 36
0.273764 36
0.260076 36
0.247072 36
0.234718 36
0.222982 36
0.211833 36
0.201242 36
0.191179 36
0.181621 36
0.172539 36
0.163913 36
0.155717 36
0.147931 36
0.140534 36
0.133508 36
0.126832 36
0.120491 36
0.114466 36
0.108743 36
0.103306 36
0.0981405 36
0.0932335 36
0.0885718 36
0.0841432 36
0.079936 36
0.0759392 36
0.0721423 36
0.0685352 36
0.0651084 36
0.061853 36
0.0587603 36
0.0558223 36
0.0530312 36
0.0503796 36
0.0478607 36
0.0454676 36
0.0431942 36
0.0410345 36
0.0389828 36
0.0370337 36
0.035182 36
0.0334229 36
0.0317517 36
0.0301641 36
0.0286559 36
0.0272231 36
0.025862 36
0.0245689 36
0.0233404 36
0.0221734 36
0.0210648 36
0.0200115 36
0.0190109 36
0.0180604 36
0.0171574 36
0.0162995 36
0.0154845 36
0.0147103 36
0.0139748 36
0.013276 36
0.0126122 36
0.0119816 36
0.0113826 36
0.0108134 36
0.0102728 36
0.00975911 36
0.00927116 36
0.0088076 36
0.00836722 36
0.00794886 36
0.00755142 36
0.00717385 36
0.00681515 36
0.0064744 36
0.00615068 36
0.00584314 36
0.00555098 36
0.00527344 36
0.00500976 36
0.00475928 36
0.00452131 36
0.00429525 36
0.00408048 36
0.00387646 36
0.00368264 36
0.0034985 36
0.00332358 36
0.0031574 36
0.00299953 36
0.00284955 36
0.00270708 36
0.00257172 36
0.00244314 36
0.00232098 36
0.00220493 36
0.00209468 36
0.00198995 36
0.00189045 36
0.00179593 36
0.00170613 36
0.00162083 36
0.00153979 36
0.0014628 36
0.00138966 36
0.00132017 36
0.00125416 36
0.00119146 36
0.00113188 36
0.00107529 36
0.00102153 36
0.000970449 36
0.000921926 36
0.00087583 36
0.000832039 36
0.000790437 36
0.000750915 36
0.000713369 36
0.000677701 36
0.000643816 36
0.000611625 36
0.000581044 36
0.000551991 36
0.000524392 36
0.000498172 36
0.000473264 36
0.0004496 36
0.00042712 36
0.000405764 36
0.000385476 36
0.000366202 36
0.000347892 36
0.000330498 36
0.000313973 36
0.000298274 36
0.00028336 36
0.000269192 36
0.000255733 36
0.000242946 36
0.000230799 36
0.000219259 36
0.000208296 36
0.000197881 36
0.000187987 36
0.000178588 36
0.000169658 36
0.000161175 36
0.000153117 36
0.000145461 36
0.000138188 36
0.000131278 36
0.000124714 36
0.000118479 36
0.000112555 36
0.000106927 36
0.000101581 36
9.65017e-005 36
9.16766e-005 36
8.70928e-005 36
8.27381e-005 36
7.86012e-005 36
7.46712e-005 36
7.09376e-005 36
6.73907e-005 36
6.40212e-005 36
6.08201e-005 36
5.77791e-005 36
5.48902e-005 36
5.21457e-005 36
4.95384e-005 36
4.70615e-005 36
4.47084e-005 36
4.2473e-005 36
4.03493e-005 36
3.83318e-005 36
3.64153e-005 36
3.45945e-005 36
3.28648e-005 36
3.12215e-005 36
2.96605e-005 36
