74700 204
67230 189
60507 143
54456.3 174
49010.7 161
44109.6 172
39698.6 173
35728.8 166
32155.9 184
28940.3 168
26046.3 171
23441.7 165
21097.5 161
18987.7 171
17089 176
15380.1 170
13842.1 182
12457.9 177
11212.1 168
10090.9 164
9081.78 165
8173.6 183
7356.24 173
6620.61 178
5958.55 157
5362.7 165
4826.43 146
4343.79 157
3909.41 188
3518.47 178
3166.62 161
2849.96 186
2564.96 152
2308.47 176
2077.62 185
1869.86 184
1682.87 159
1514.58 171
1363.13 161
1226.81 162
1104.13 167
993.719 179
894.347 170
804.912 156
724.421 167
651.979 174
586.781 198
528.103 156
475.293 180
427.763 161
384.987 177
346.488 161
311.839 159
280.656 173
252.59 175
227.331 180
204.598 174
184.138 186
165.724 154
149.152 159
134.237 177
120.813 157
108.732 155
97.8585 178
88.0727 176
79.2654 172
71.3389 180
64.205 161
57.7845 200
52.006 187
46.8054 196
42.1249 164
37.9124 156
34.1212 174
30.709 163
27.6381 164
24.8743 155
22.3869 157
20.1482 173
18.1334 175
16.32 180
14.688 154
13.2192 132
11.8973 147
10.7076 182
9.63682 169
8.67314 175
7.80583 168
7.02524 146
6.32272 145
5.69045 140
5.1214 133
4.60926 120
4.14834 127
3.7335 122
3.36015 130
3.02414 109
2.72172 126
2.44955 95
2.2046 105
1.98414 96
1.78572 92
1.60715 94
1.44644 95
1.30179 89
1.17161 82
1.05445 78
0.949006 75
0.854106 74
0.768695 74
0.691826 74
0.622643 74
0.560379 74
0.504341 74
0.453907 74
0.408516 73
0.367664 71
0.330898 71
0.297808 70
0.268027 69
0.241225 69
0.217102 69
0.195392 69
0.175853 69
0.158268 69
0.142441 69
0.128197 68
0.115377 68
0.103839 67
0.0934554 67
0.0841098 67
0.0756989 67
0.068129 67
0.0613161 66
0.0551845 66
0.049666 66
0.0446994 66
0.0402295 66
0.0362065 66
0.0325859 66
0.0293273 66
0.0263946 66
0.0237551 66
0.0213796 66
0.0192416 66
0.0173175 66
0.0155857 66
0.0140272 66
0.0126244 66
0.011362 66
0.0102258 66
0.00920321 66
0.00828289 66
0.0074546 66
0.00670914 66
0.00603823 66
0.00543441 66
0.00489097 66
0.00440187 66
0.00396168 66
0.00356551 66
0.00320896 66
0.00288807 66
0.00259926 66
0.00233933 66
0.0021054 66
0.00189486 66
0.00170537 66
0.00153484 66
0.00138135 66
0.00124322 66
0.0011189 66
0.00100701 66
0.000906306 66
0.000815675 66
0.000734108 66
0.000660697 66
0.000594627 66
0.000535164 66
0.000481648 66
0.000433483 66
0.000390135 66
0.000351121 66
0.000316009 66
0.000284408 66
0.000255968 66
0.000230371 66
0.000207334 66
0.0001866 66
0.00016794 66
0.000151146 66
0.000136032 66
0.000122428 66
0.000110186 66
9.91671e-005 66
8.92504e-005 66
8.03253e-005 66
7.22928e-005 66
6.50635e-005 66
5.85572e-005 66
5.27014e-005 66
4.74313e-005 66
4.26882e-005 66
3.84194e-005 66
3.45774e-005 66
3.11197e-005 66
2.80077e-005 66
2.52069e-005 66
2.26862e-005 66
