70550 204
59967.5 189
50972.4 143
43326.5 174
36827.5 161
31303.4 172
26607.9 173
22616.7 166
19224.2 184
16340.6 168
13889.5 171
11806.1 165
10035.2 161
8529.88 171
7250.4 176
6162.84 170
5238.41 182
4452.65 177
3784.75 168
3217.04 164
2734.48 165
2324.31 183
1975.67 173
1679.32 178
1427.42 157
1213.31 165
1031.31 146
876.613 157
745.121 188
633.353 178
538.35 161
457.598 186
388.958 152
330.614 176
281.022 185
238.869 184
203.038 159
172.583 171
146.695 161
124.691 162
105.987 167
90.0893 179
76.5759 170
65.0895 156
55.3261 167
47.0272 174
39.9731 198
33.9771 156
28.8805 180
24.5485 161
20.8662 177
17.7363 163
15.0758 168
12.8145 167
10.8923 158
9.25844 170
7.86968 152
6.68922 143
5.68584 150
4.83296 118
4.10802 107
3.49182 109
2.96804 134
2.52284 136
2.14441 95
1.82275 94
1.54934 87
1.31694 96
1.1194 83
0.951487 75
0.808764 74
0.687449 72
0.584332 70
0.496682 66
0.42218 66
0.358853 66
0.305025 66
0.259271 66
0.220381 66
0.187323 66
0.159225 66
0.135341 66
0.11504 66
0.097784 66
0.0831164 66
0.0706489 66
0.0600516 66
0.0510439 66
0.0433873 66
0.0368792 66
0.0313473 66
0.0266452 66
0.0226484 66
0.0192512 66
0.0163635 66
0.013909 66
0.0118226 66
0.0100492 66
0.00854185 66
0.00726057 66
0.00617148 66
0.00524576 66
0.0044589 66
0.00379006 66
0.00322155 66
0.00273832 66
0.00232757 66
0.00197844 66
0.00168167 66
0.00142942 66
0.00121501 66
0.00103276 66
0.000877843 66
0.000746166 66
0.000634241 66
0.000539105 66
0.000458239 66
0.000389503 66
0.000331078 66
0.000281416 66
0.000239204 66
0.000203323 66
0.000172825 66
0.000146901 66
0.000124866 66
0.000106136 66
9.02156e-005 66
7.66833e-005 66
6.51808e-005 66
5.54037e-005 66
4.70931e-005 66
4.00291e-005 66
3.40248e-005 66
2.89211e-005 66
2.45829e-005 66
2.08955e-005 66
