62250 204
46687.5 189
35015.6 143
26261.7 174
19696.3 161
14772.2 172
11079.2 173
8309.37 166
6232.03 184
4674.02 168
3505.52 171
2629.14 165
1971.85 161
1478.89 171
1109.17 176
831.875 170
623.907 182
467.93 177
350.947 168
263.211 164
197.408 165
148.056 183
111.042 173
83.2815 178
62.4611 157
46.8458 165
35.1344 146
26.3508 157
19.7631 188
14.8223 186
11.1167 162
8.33755 150
6.25316 135
4.68987 148
3.5174 131
2.63805 126
1.97854 101
1.48391 84
1.11293 76
0.834697 73
0.626022 73
0.469517 73
0.352138 73
0.264103 73
0.198077 73
0.148558 72
0.111419 72
0.0835639 70
0.0626729 70
0.0470047 70
0.0352535 70
0.0264401 70
0.0198301 70
0.0148726 70
0.0111544 70
0.00836583 70
0.00627437 70
0.00470578 70
0.00352933 70
0.002647 70
0.00198525 70
0.00148894 70
0.0011167 70
0.000837527 70
0.000628145 70
0.000471109 69
0.000353332 69
0.000264999 68
0.000198749 68
0.000149062 68
0.000111796 68
8.38473e-005 68
6.28855e-005 68
4.71641e-005 68
3.53731e-005 68
2.65298e-005 68
1.98974e-005 68
