66400 204
53120 189
42496 143
33996.8 174
27197.4 161
21758 172
17406.4 173
13925.1 166
11140.1 184
8912.06 168
7129.65 171
5703.72 165
4562.97 161
3650.38 171
2920.3 176
2336.24 170
1868.99 182
1495.2 177
1196.16 168
956.925 164
765.54 165
612.432 183
489.946 173
391.956 178
313.565 157
250.852 165
200.682 146
160.545 157
128.436 188
102.749 178
82.1992 161
65.7594 186
52.6075 152
42.086 176
33.6688 185
26.935 184
21.548 159
17.2384 172
13.7907 175
11.0326 165
8.82607 158
7.06086 177
5.64869 140
4.51895 135
3.61516 136
2.89213 123
2.3137 119
1.85096 92
1.48077 90
1.18462 95
0.947692 79
0.758154 77
0.606523 72
0.485219 72
0.388175 72
0.31054 71
0.248432 71
0.198746 71
0.158996 71
0.127197 71
0.101758 70
0.0814062 70
0.0651249 70
0.0520999 70
0.04168 70
0.033344 70
0.0266752 70
0.0213401 70
0.0170721 70
0.0136577 70
0.0109262 70
0.00874092 70
0.00699274 70
0.00559419 70
0.00447535 70
0.00358028 70
0.00286422 68
0.00229138 68
0.0018331 68
0.00146648 68
0.00117319 68
0.000938549 68
0.000750839 68
0.000600671 68
0.000480537 68
0.00038443 67
0.000307544 67
0.000246035 67
0.000196828 67
0.000157462 67
0.00012597 67
0.000100776 67
8.06208e-005 67
6.44966e-005 67
5.15973e-005 67
4.12778e-005 67
3.30223e-005 67
2.64178e-005 67
2.11342e-005 67
