78850 204
74907.5 189
71162.1 143
67604 174
64223.8 161
61012.6 172
57962 173
55063.9 166
52310.7 184
49695.2 168
47210.4 171
44849.9 165
42607.4 161
40477 171
38453.2 176
36530.5 170
34704 182
32968.8 177
31320.3 168
29754.3 164
28266.6 165
26853.3 183
25510.6 173
24235.1 178
23023.3 157
21872.2 165
20778.6 146
19739.6 157
18752.6 188
17815 178
16924.3 161
16078.1 186
15274.2 152
14510.4 176
13784.9 185
13095.7 184
12440.9 159
11818.8 171
11227.9 161
10666.5 162
10133.2 167
9626.52 179
9145.2 170
8687.94 156
8253.54 167
7840.86 174
7448.82 198
7076.38 156
6722.56 180
6386.43 161
6067.11 177
5763.76 161
5475.57 159
5201.79 173
4941.7 175
4694.62 180
4459.88 174
4236.89 186
4025.05 154
3823.79 159
3632.6 177
3450.97 157
3278.42 155
3114.5 178
2958.78 176
2810.84 172
2670.3 180
2536.78 161
2409.94 200
2289.45 187
2174.97 196
2066.23 164
1962.91 156
1864.77 174
1771.53 163
1682.95 164
1598.81 155
1518.87 157
1442.92 171
1370.78 166
1302.24 182
1237.13 163
1175.27 133
1116.51 159
1060.68 178
1007.65 191
957.264 176
909.401 188
863.931 172
820.734 184
779.698 173
740.713 154
703.677 180
668.493 155
635.069 176
603.315 167
573.149 192
544.492 169
517.267 181
491.404 191
466.834 178
443.492 170
421.317 161
400.252 171
380.239 178
361.227 171
343.166 180
326.007 174
309.707 175
294.222 153
279.511 207
265.535 158
252.258 188
239.645 160
227.663 186
216.28 169
205.466 167
195.193 180
185.433 155
176.161 159
167.353 178
158.986 174
151.036 172
143.485 195
136.31 189
129.495 187
123.02 165
116.869 150
111.026 180
105.474 165
100.201 182
95.1906 195
90.4311 190
85.9095 166
81.614 150
77.5333 162
73.6567 178
69.9738 175
66.4751 179
63.1514 154
59.9938 176
56.9941 173
54.1444 181
51.4372 180
48.8653 173
46.4221 159
44.101 176
41.8959 164
39.8011 180
37.8111 182
35.9205 172
34.1245 184
32.4183 157
30.7973 166
29.2575 175
27.7946 177
26.4049 165
25.0846 179
23.8304 150
22.6389 171
21.5069 173
20.4316 172
19.41 150
18.4395 167
17.5175 171
16.6417 170
15.8096 171
15.0191 166
14.2681 178
13.5547 164
12.877 155
12.2331 155
11.6215 174
11.0404 164
10.4884 155
9.96397 141
9.46578 150
8.99249 167
8.54286 156
8.11572 140
7.70993 166
7.32444 137
6.95822 138
6.6103 142
6.27979 148
5.9658 147
5.66751 146
5.38413 120
5.11493 129
4.85918 133
4.61622 133
4.38541 126
4.16614 139
3.95783 132
3.75994 123
3.57194 108
3.39335 137
3.22368 113
3.0625 118
2.90937 118
2.7639 121
2.62571 94
2.49442 91
2.3697 93
2.25122 84
2.13866 77
2.03172 77
1.93014 78
1.83363 83
1.74195 85
1.65485 86
1.57211 94
1.4935 95
1.41883 87
1.34789 83
1.28049 77
1.21647 73
1.15564 72
1.09786 72
1.04297 72
0.99082 70
0.941279 69
0.894215 68
0.849504 68
0.807029 68
0.766678 68
0.728344 68
0.691927 68
0.65733 68
0.624464 68
0.593241 68
0.563579 68
0.5354 68
0.50863 68
0.483198 68
0.459038 68
0.436086 68
0.414282 68
0.393568 68
0.37389 68
0.355195 68
0.337435 67
0.320564 67
0.304535 67
0.289309 67
0.274843 67
0.261101 67
0.248046 67
0.235644 67
0.223862 67
0.212668 67
0.202035 67
0.191933 67
0.182337 67
0.17322 67
0.164559 67
0.156331 67
0.148514 67
0.141089 67
0.134034 67
0.127332 67
0.120966 67
0.114918 67
0.109172 67
0.103713 67
0.0985274 67
0.093601 67
0.088921 67
0.0844749 67
0.0802512 66
0.0762386 66
0.0724267 66
0.0688054 66
0.0653651 66
0.0620968 66
0.058992 66
0.0560424 66
0.0532403 66
0.0505783 66
0.0480494 66
0.0456469 66
0.0433645 66
0.0411963 66
0.0391365 66
0.0371797 66
0.0353207 66
0.0335547 66
0.0318769 66
0.0302831 66
0.0287689 66
0.0273305 66
0.025964 66
0.0246658 66
0.0234325 66
0.0222608 66
0.0211478 66
0.0200904 66
0.0190859 66
0.0181316 66
0.017225 66
0.0163638 66
0.0155456 66
0.0147683 66
0.0140299 66
0.0133284 66
0.012662 66
0.0120289 66
0.0114274 66
0.0108561 66
0.0103133 66
0.00979759 66
0.00930771 66
0.00884233 66
0.00840021 66
0.0079802 66
0.00758119 66
0.00720213 66
0.00684202 66
0.00649992 66
0.00617493 66
0.00586618 66
0.00557287 66
0.00529423 66
0.00502952 66
0.00477804 66
0.00453914 66
0.00431218 66
0.00409657 66
0.00389174 66
0.00369716 66
0.0035123 66
0.00333668 66
0.00316985 66
0.00301136 66
0.00286079 66
0.00271775 66
0.00258186 66
0.00245277 66
0.00233013 66
0.00221362 66
0.00210294 66
0.0019978 66
0.00189791 66
0.00180301 66
0.00171286 66
0.00162722 66
0.00154586 66
0.00146856 66
0.00139514 66
0.00132538 66
0.00125911 66
0.00119615 66
0.00113635 66
0.00107953 66
0.00102555 66
0.000974275 66
0.000925561 66
0.000879283 66
0.000835319 66
0.000793553 66
0.000753875 66
0.000716182 66
0.000680373 66
0.000646354 66
0.000614036 66
0.000583334 66
0.000554168 66
0.000526459 66
0.000500136 66
0.00047513 66
0.000451373 66
0.000428804 66
0.000407364 66
0.000386996 66
0.000367646 66
0.000349264 66
0.000331801 66
0.000315211 66
0.00029945 66
0.000284478 66
0.000270254 66
0.000256741 66
0.000243904 66
0.000231709 66
0.000220123 66
0.000209117 66
0.000198661 66
0.000188728 66
0.000179292 66
0.000170327 66
0.000161811 66
0.00015372 66
0.000146034 66
0.000138733 66
0.000131796 66
0.000125206 66
0.000118946 66
0.000112999 66
0.000107349 66
0.000101981 66
9.68822e-005 66
9.20381e-005 66
8.74361e-005 66
8.30643e-005 66
7.89111e-005 66
7.49656e-005 66
7.12173e-005 66
6.76564e-005 66
6.42736e-005 66
6.10599e-005 66
5.80069e-005 66
5.51066e-005 66
5.23513e-005 66
4.97337e-005 66
4.7247e-005 66
4.48847e-005 66
4.26404e-005 66
4.05084e-005 66
3.8483e-005 66
3.65588e-005 66
3.47309e-005 66
3.29943e-005 66
3.13446e-005 66
2.97774e-005 66
2.82885e-005 66
2.68741e-005 66
2.55304e-005 66
2.42539e-005 66
2.30412e-005 66
