1.8582e+006 3961
1.76529e+006 3939
1.67703e+006 3890
1.59317e+006 3923
1.51352e+006 3752
1.43784e+006 3764
1.36595e+006 3853
1.29765e+006 3816
1.23277e+006 4025
1.17113e+006 3891
1.11257e+006 3939
1.05694e+006 3853
1.0041e+006 3932
953892 4114
906198 4050
860888 3840
817843 3782
776951 3976
738104 3919
701198 3760
666139 3953
632832 3998
601190 3680
571131 3842
542574 3791
515445 3908
489673 3979
465189 3792
441930 3887
419833 3859
398842 3869
378900 3919
359955 3947
341957 4067
324859 3914
308616 3874
293185 3880
278526 3942
264600 4013
251370 3960
238801 3883
226861 3880
215518 4008
204742 3854
194505 3854
184780 3886
175541 3991
166764 3830
158426 4022
150504 3894
142979 4025
135830 3899
129039 3836
122587 3954
116457 3979
110635 3902
105103 4023
99847.7 4098
94855.3 3952
90112.5 3969
85606.9 3885
81326.6 3978
77260.2 3869
73397.2 4050
69727.4 3882
66241 3936
62928.9 4047
59782.5 3784
56793.4 3933
53953.7 3996
51256 3961
48693.2 4015
46258.6 4096
43945.6 3895
41748.3 4029
39660.9 3998
37677.9 3876
35794 3828
34004.3 3734
32304.1 3926
30688.9 3746
29154.4 3803
27696.7 4075
26311.9 4016
24996.3 3835
23746.5 3950
22559.1 3908
21431.2 3894
20359.6 3865
19341.6 3817
18374.6 4071
17455.8 3829
16583 3992
15753.9 3822
14966.2 3972
14217.9 4094
13507 4077
12831.6 4004
12190.1 3991
11580.6 3714
11001.5 4063
10451.5 3878
9928.88 3874
9432.43 3808
8960.81 3957
8512.77 3760
8087.13 3920
7682.78 3833
7298.64 3974
6933.71 3894
6587.02 3918
6257.67 3896
5944.79 3930
5647.55 3997
5365.17 4026
5096.91 3995
4842.07 4006
4599.96 3844
4369.96 3917
4151.47 3868
3943.89 4037
3746.7 3804
3559.36 3825
3381.4 3886
3212.33 3878
3051.71 3880
2899.12 3721
2754.17 3826
2616.46 4050
2485.64 3932
2361.35 3877
2243.29 4028
2131.12 4034
2024.57 3780
1923.34 3823
1827.17 3805
1735.81 3789
1649.02 3944
1566.57 3978
1488.24 3901
1413.83 3818
1343.14 4113
1275.98 3794
1212.18 3885
1151.57 3983
1093.99 3972
1039.29 3903
987.33 4022
937.964 3891
891.066 3930
846.512 3863
804.187 3866
763.977 4079
725.778 3874
689.49 3887
655.015 4068
622.264 3901
591.151 4092
561.594 3896
533.514 4010
506.838 3995
481.496 3982
457.421 3928
434.55 3879
412.823 3805
392.182 4063
372.573 3991
353.944 3875
336.247 3984
319.434 3908
303.463 3955
288.29 3964
273.875 3858
260.181 3821
247.172 4037
234.814 3867
223.073 3917
211.919 3923
201.323 3990
191.257 3863
181.694 3890
172.61 3854
163.979 3982
155.78 4096
147.991 4009
140.592 3917
133.562 4084
126.884 3808
120.54 3927
114.513 4026
108.787 3850
103.348 3846
98.1804 3831
93.2714 3929
88.6078 4015
84.1774 3892
79.9685 3781
75.9701 3928
72.1716 4006
68.563 3846
65.1349 3977
61.8781 3890
58.7842 3908
55.845 3893
53.0528 4041
50.4001 3707
47.8801 3823
45.4861 3854
43.2118 3761
41.0512 3905
38.9986 3779
37.0487 3815
35.1963 3857
33.4365 3986
31.7646 3815
30.1764 3792
28.6676 3637
27.2342 3808
25.8725 3732
24.5789 3595
23.3499 3606
22.1824 3490
21.0733 3432
20.0196 3440
19.0187 3325
18.0677 3259
17.1643 3443
16.3061 3232
15.4908 3520
14.7163 3299
13.9805 3267
13.2814 3016
12.6174 3010
11.9865 2999
11.3872 2930
10.8178 2806
10.2769 2742
9.76308 2742
9.27493 2430
8.81118 2538
8.37062 2493
7.95209 2416
7.55449 2335
7.17676 2274
6.81792 2161
6.47703 2128
6.15318 2078
5.84552 2070
5.55324 2105
5.27558 1965
5.0118 1869
4.76121 1851
4.52315 1830
4.29699 1791
4.08214 1664
3.87804 1600
3.68413 1585
3.49993 1555
3.32493 1567
3.15868 1573
3.00075 1558
2.85071 1537
2.70818 1467
2.57277 1442
2.44413 1373
2.32192 1340
2.20583 1336
2.09554 1322
1.99076 1294
1.89122 1291
1.79666 1280
1.70683 1275
1.62149 1273
1.54041 1272
1.46339 1271
1.39022 1262
1.32071 1229
1.25467 1193
1.19194 1181
1.13234 1175
1.07573 1160
1.02194 1151
0.970843 1150
0.922301 1144
0.876186 1141
0.832377 1137
0.790758 1136
0.75122 1133
0.713659 1127
0.677976 1122
0.644077 1118
0.611873 1116
0.58128 1114
0.552216 1110
0.524605 1106
0.498375 1104
0.473456 1103
0.449783 1099
0.427294 1092
0.405929 1091
0.385633 1087
0.366351 1087
0.348034 1086
0.330632 1081
0.3141 1080
0.298395 1079
0.283476 1079
0.269302 1076
0.255837 1075
0.243045 1074
0.230893 1073
0.219348 1073
0.208381 1072
0.197962 1071
0.188064 1071
0.17866 1070
0.169727 1070
0.161241 1067
0.153179 1065
0.14552 1065
0.138244 1065
0.131332 1065
0.124765 1063
0.118527 1063
0.112601 1063
0.106971 1062
0.101622 1062
0.0965409 1062
0.0917139 1059
0.0871282 1058
0.0827718 1057
0.0786332 1056
0.0747015 1056
0.0709664 1054
0.0674181 1054
0.0640472 1054
0.0608449 1053
0.0578026 1053
0.0549125 1053
0.0521669 1053
0.0495585 1053
0.0470806 1052
0.0447266 1052
0.0424902 1051
0.0403657 1051
0.0383474 1051
0.0364301 1051
0.0346086 1051
0.0328781 1051
0.0312342 1051
0.0296725 1050
0.0281889 1050
0.0267794 1050
0.0254405 1050
0.0241684 1050
0.02296 1049
0.021812 1049
0.0207214 1048
0.0196854 1048
0.0187011 1047
0.017766 1047
0.0168777 1046
0.0160338 1046
0.0152321 1046
0.0144705 1046
0.013747 1045
0.0130597 1045
0.0124067 1044
0.0117863 1044
0.011197 1044
0.0106372 1044
0.0101053 1044
0.00960005 1044
0.00912005 1044
0.00866405 1044
0.00823085 1043
0.0078193 1043
0.00742834 1043
0.00705692 1042
0.00670407 1042
0.00636887 1042
0.00605043 1042
0.00574791 1042
0.00546051 1042
0.00518749 1042
0.00492811 1042
0.00468171 1042
0.00444762 1042
0.00422524 1042
0.00401398 1042
0.00381328 1042
0.00362261 1042
0.00344148 1042
0.00326941 1042
0.00310594 1042
0.00295064 1042
0.00280311 1042
0.00266295 1042
0.00252981 1042
0.00240332 1042
0.00228315 1042
0.00216899 1042
0.00206054 1042
0.00195752 1042
0.00185964 1042
0.00176666 1042
0.00167833 1042
0.00159441 1042
0.00151469 1042
0.00143895 1042
0.00136701 1042
0.00129866 1042
0.00123372 1042
0.00117204 1041
0.00111344 1041
0.00105776 1041
0.00100488 1041
0.000954632 1041
0.0009069 1041
0.000861555 1041
0.000818477 1040
0.000777554 1040
0.000738676 1040
0.000701742 1039
0.000666655 1038
0.000633322 1038
0.000601656 1038
0.000571573 1038
0.000542995 1038
0.000515845 1038
0.000490053 1038
0.00046555 1038
0.000442273 1038
0.000420159 1038
0.000399151 1038
0.000379193 1038
0.000360234 1037
0.000342222 1037
0.000325111 1037
0.000308855 1037
0.000293413 1037
0.000278742 1037
0.000264805 1037
0.000251565 1037
0.000238986 1036
0.000227037 1036
0.000215685 1036
0.000204901 1036
0.000194656 1036
0.000184923 1036
0.000175677 1036
0.000166893 1036
0.000158548 1036
0.000150621 1036
0.00014309 1036
0.000135935 1036
0.000129139 1036
0.000122682 1036
0.000116548 1036
0.00011072 1035
0.000105184 1035
9.99251e-005 1035
9.49288e-005 1035
9.01824e-005 1035
8.56733e-005 1035
8.13896e-005 1035
