1.6626e+006 3961
1.41321e+006 3939
1.20123e+006 3890
1.02104e+006 3923
867888 3752
737704 3764
627049 3853
532991 3816
453043 4025
385086 3891
327323 3939
278225 3853
236491 3932
201017 4114
170865 4050
145235 3840
123450 3782
104932 3976
89192.5 3919
75813.6 3760
64441.6 3953
54775.4 3998
46559.1 3680
39575.2 3842
33638.9 3791
28593.1 3908
24304.1 3979
20658.5 3792
17559.7 3887
14925.8 3859
12686.9 3869
10783.9 3919
9166.29 3947
7791.34 4067
6622.64 3914
5629.25 3874
4784.86 3880
4067.13 3942
3457.06 4013
2938.5 3960
2497.73 3883
2123.07 3880
1804.61 4008
1533.92 3854
1303.83 3854
1108.25 3886
942.016 3991
800.714 3830
680.607 4022
578.516 3894
491.738 4025
417.978 3899
355.281 3836
301.989 3954
256.69 3979
218.187 3902
185.459 4023
157.64 4098
133.994 3952
113.895 3969
96.8107 3885
82.2891 3978
69.9457 3869
59.4539 4052
50.5358 3832
42.9554 3752
36.5121 3903
31.0353 3612
26.38 3732
22.423 3770
19.0595 3532
16.2006 3345
13.7705 3172
11.7049 2984
9.9492 2955
8.45682 2520
7.1883 2403
6.11005 2210
5.19355 2165
4.41451 2017
3.75234 1956
3.18949 1779
2.71106 1715
2.3044 1595
1.95874 1520
1.66493 1495
1.41519 1441
1.20291 1406
1.02248 1352
0.869105 1322
0.738739 1306
0.627928 1292
0.533739 1271
0.453678 1264
0.385626 1252
0.327782 1248
0.278615 1234
0.236823 1223
0.201299 1218
0.171104 1213
0.145439 1206
0.123623 1203
0.10508 1201
0.0893176 1195
0.07592 1187
0.064532 1184
0.0548522 1178
0.0466244 1175
0.0396307 1174
0.0336861 1169
0.0286332 1163
0.0243382 1160
0.0206875 1158
0.0175844 1158
0.0149467 1156
0.0127047 1153
0.010799 1152
0.00917914 1150
0.00780227 1149
0.00663193 1147
0.00563714 1143
0.00479157 1141
0.00407283 1139
0.00346191 1137
0.00294262 1137
0.00250123 1135
0.00212604 1133
0.00180714 1133
0.00153607 1131
0.00130566 1131
0.00110981 1130
0.000943337 1128
0.000801837 1127
0.000681561 1127
0.000579327 1125
0.000492428 1123
0.000418564 1121
0.000355779 1121
0.000302412 1121
0.00025705 1119
0.000218493 1119
0.000185719 1118
0.000157861 1118
0.000134182 1117
0.000114055 1116
9.69465e-005 1114
8.24045e-005 1114
