1.7604e+006 3961
1.58436e+006 3939
1.42592e+006 3890
1.28333e+006 3923
1.155e+006 3752
1.0395e+006 3764
935549 3853
841994 3816
757794 4025
682015 3891
613814 3939
552432 3853
497189 3932
447470 4114
402723 4050
362451 3840
326206 3782
293585 3976
264227 3919
237804 3760
214024 3953
192621 3998
173359 3680
156023 3842
140421 3791
126379 3908
113741 3979
102367 3792
92130.1 3887
82917.1 3859
74625.4 3869
67162.9 3919
60446.6 3947
54401.9 4067
48961.7 3914
44065.5 3874
39659 3880
35693.1 3942
32123.8 4013
28911.4 3960
26020.3 3883
23418.2 3880
21076.4 4008
18968.8 3854
17071.9 3854
15364.7 3886
13828.2 3991
12445.4 3830
11200.9 4022
10080.8 3894
9072.71 4025
8165.44 3899
7348.89 3836
6614 3954
5952.6 3979
5357.34 3902
4821.61 4023
4339.45 4098
3905.5 3952
3514.95 3969
3163.46 3885
2847.11 3978
2562.4 3869
2306.16 4050
2075.54 3882
1867.99 3936
1681.19 4047
1513.07 3784
1361.76 3933
1225.59 3996
1103.03 3961
992.726 4015
893.454 4096
804.108 3895
723.697 4029
651.328 3998
586.195 3876
527.575 3828
474.818 3734
427.336 3926
384.603 3746
346.142 3803
311.528 4075
280.375 4016
252.338 3835
227.104 3950
204.394 3908
183.954 3894
165.559 3865
149.003 3817
134.103 4071
120.692 3829
108.623 3992
97.7608 3822
87.9847 3991
79.1862 4084
71.2676 4081
64.1409 4019
57.7268 4028
51.9541 3731
46.7587 4037
42.0828 3831
37.8745 3867
34.0871 3661
30.6784 3833
27.6105 3585
24.8495 3594
22.3645 3627
20.1281 3558
18.1153 3402
16.3037 3289
14.6734 3279
13.206 3052
11.8854 3025
10.6969 2772
9.6272 2669
8.66448 2532
7.79803 2438
7.01823 2334
6.31641 2197
5.68476 2066
5.11629 1963
4.60466 1912
4.14419 1855
3.72977 1698
3.3568 1665
3.02112 1637
2.71901 1591
2.4471 1511
2.20239 1445
1.98215 1398
1.78394 1383
1.60555 1358
1.44499 1347
1.30049 1334
1.17044 1306
1.0534 1279
0.948059 1254
0.853253 1223
0.767927 1212
0.691135 1196
0.622021 1178
0.559819 1159
0.503837 1150
0.453453 1138
0.408108 1127
0.367297 1122
0.330568 1118
0.297511 1114
0.26776 1109
0.240984 1101
0.216885 1099
0.195197 1097
0.175677 1095
0.158109 1090
0.142299 1090
0.128069 1089
0.115262 1085
0.103736 1085
0.093362 1082
0.0840258 1079
0.0756233 1078
0.0680609 1076
0.0612548 1075
0.0551294 1071
0.0496164 1069
0.0446548 1066
0.0401893 1066
0.0361704 1065
0.0325533 1065
0.029298 1065
0.0263682 1064
0.0237314 1062
0.0213582 1061
0.0192224 1060
0.0173002 1060
0.0155702 1059
0.0140131 1057
0.0126118 1057
0.0113506 1055
0.0102156 1053
0.00919402 1050
0.00827462 1049
0.00744716 1049
0.00670244 1049
0.0060322 1047
0.00542898 1046
0.00488608 1044
0.00439747 1042
0.00395773 1042
0.00356195 1041
0.00320576 1041
0.00288518 1041
0.00259666 1041
0.002337 1041
0.0021033 1041
0.00189297 1040
0.00170367 1039
0.0015333 1037
0.00137997 1037
0.00124198 1037
0.00111778 1036
0.001006 1036
0.000905401 1036
0.000814861 1036
0.000733374 1036
0.000660037 1035
0.000594033 1035
0.00053463 1035
0.000481167 1034
0.00043305 1034
0.000389745 1034
0.000350771 1034
0.000315694 1034
0.000284124 1034
0.000255712 1034
0.000230141 1033
0.000207127 1032
0.000186414 1031
0.000167773 1030
0.000150995 1029
0.000135896 1029
0.000122306 1029
0.000110076 1029
9.9068e-005 1029
8.91612e-005 1029
8.02451e-005 1028
