1.5648e+006 3961
1.25184e+006 3939
1.00147e+006 3890
801178 3923
640942 3752
512754 3764
410203 3853
328162 3816
262530 4025
210024 3891
168019 3939
134415 3853
107532 3932
86025.8 4114
68820.6 4050
55056.5 3840
44045.2 3782
35236.2 3976
28188.9 3919
22551.1 3760
18040.9 3953
14432.7 3998
11546.2 3680
9236.95 3842
7389.56 3791
5911.65 3908
4729.32 3979
3783.45 3792
3026.76 3887
2421.41 3859
1937.13 3869
1549.7 3919
1239.76 3947
991.81 4067
793.448 3914
634.758 3874
507.807 3880
406.245 3942
324.996 4013
259.997 3960
207.998 3883
166.398 3880
133.118 4008
106.495 3854
85.1958 3854
68.1567 3886
54.5253 3966
43.6203 3823
34.8962 3895
27.917 3677
22.3336 3746
17.8669 3570
14.2935 3476
11.4348 3080
9.14783 2869
7.31826 2645
5.85461 2411
4.68369 2155
3.74695 1985
2.99756 1851
2.39805 1664
1.91844 1539
1.53475 1488
1.2278 1445
0.982241 1382
0.785793 1337
0.628634 1312
0.502907 1295
0.402326 1279
0.321861 1254
0.257489 1232
0.205991 1223
0.164793 1210
0.131834 1205
0.105467 1193
0.0843738 1181
0.0674991 1177
0.0539993 1175
0.0431994 1170
0.0345595 1165
0.0276476 1155
0.0221181 1148
0.0176945 1146
0.0141556 1141
0.0113245 1137
0.00905957 1136
0.00724766 1134
0.00579813 1130
0.0046385 1128
0.0037108 1126
0.00296864 1123
0.00237491 1120
0.00189993 1118
0.00151994 1115
0.00121596 1110
0.000972764 1108
0.000778211 1107
0.000622569 1104
0.000498055 1104
0.000398444 1101
0.000318755 1100
0.000255004 1096
0.000204003 1092
0.000163203 1090
0.000130562 1088
0.00010445 1086
8.35598e-005 1086
