1.467e+006 3961
1.10025e+006 3939
825188 3890
618891 3923
464168 3752
348126 3764
261094 3853
195821 3816
146866 4025
110149 3891
82611.9 3939
61958.9 3853
46469.2 3932
34851.9 4114
26138.9 4050
19604.2 3840
14703.1 3782
11027.4 3976
8270.52 3919
6202.89 3760
4652.17 3953
3489.13 3998
2616.84 3680
1962.63 3842
1471.98 3791
1103.98 3908
827.986 3979
620.989 3792
465.742 3887
349.307 3859
261.98 3869
196.485 3919
147.364 3947
110.523 4067
82.8921 3914
62.1691 3879
46.6268 3928
34.9701 3878
26.2276 3833
19.6707 3734
14.753 3324
11.0648 3170
8.29857 2955
6.22393 2558
4.66794 2354
3.50096 2143
2.62572 1936
1.96929 1752
1.47697 1632
1.10773 1569
0.830794 1496
0.623095 1460
0.467322 1426
0.350491 1394
0.262868 1373
0.197151 1362
0.147863 1336
0.110898 1308
0.0831732 1290
0.0623799 1280
0.0467849 1271
0.0350887 1268
0.0263165 1258
0.0197374 1258
0.014803 1252
0.0111023 1252
0.00832671 1240
0.00624503 1231
0.00468378 1231
0.00351283 1230
0.00263462 1229
0.00197597 1225
0.00148198 1223
0.00111148 1221
0.000833611 1217
0.000625208 1216
0.000468906 1213
0.00035168 1208
0.00026376 1207
0.00019782 1205
0.000148365 1203
0.000111274 1203
8.34553e-005 1201
