2.93845e+006 6798
2.49768e+006 6687
2.12303e+006 6894
1.80458e+006 6790
1.53389e+006 6890
1.30381e+006 6947
1.10823e+006 7011
942000 6845
800700 6769
680595 7072
578506 6888
491730 6655
417970 6970
355275 6964
301984 6875
256686 7039
218183 6974
185456 6897
157637 6943
133992 6819
113893 6829
96809 6990
82287.7 6954
69944.5 6887
59452.8 7141
50534.9 7027
42954.7 7070
36511.5 6943
31034.7 7103
26379.5 7128
22422.6 6980
19059.2 6785
16200.3 6834
13770.3 6740
11704.7 6629
9949.03 6955
8456.67 7082
7188.17 6716
6109.95 7020
5193.46 6949
4414.44 6788
3752.27 6675
3189.43 6944
2711.02 6874
2304.36 7117
1958.71 7026
1664.9 6767
1415.17 7078
1202.89 7052
1022.46 6822
869.09 7048
738.726 7097
627.917 6938
533.73 6917
453.67 6989
385.62 6765
327.777 6854
278.61 6919
236.819 7059
201.296 6959
171.102 7047
145.436 6857
123.621 6979
105.078 6819
89.3161 6771
75.9186 6895
64.5309 6801
54.8512 6860
46.6235 6901
39.63 6712
33.6855 6655
28.6327 6501
24.3378 6243
20.6871 6198
17.584 5883
14.9464 5611
12.7045 5564
10.7988 4966
9.17898 4607
7.80213 4410
6.63181 4030
5.63704 3721
4.79149 3508
4.07276 3366
3.46185 3239
2.94257 3068
2.50119 3029
2.12601 2870
1.80711 2805
1.53604 2758
1.30563 2699
1.10979 2614
0.943321 2548
0.801823 2491
0.681549 2471
0.579317 2445
0.492419 2422
0.418557 2406
0.355773 2380
0.302407 2362
0.257046 2349
0.218489 2339
0.185716 2331
0.157858 2318
0.13418 2294
0.114053 2291
0.0969448 2287
0.0824031 2279
0.0700426 2275
0.0595362 2269
0.0506058 2260
0.0430149 2256
0.0365627 2253
0.0310783 2239
0.0264165 2235
0.0224541 2230
0.0190859 2224
0.0162231 2220
0.0137896 2218
0.0117212 2216
0.00996298 2210
0.00846854 2205
0.00719826 2202
0.00611852 2196
0.00520074 2194
0.00442063 2189
0.00375753 2188
0.0031939 2187
0.00271482 2183
0.0023076 2182
0.00196146 2181
0.00166724 2181
0.00141715 2176
0.00120458 2172
0.00102389 2171
0.000870309 2168
0.000739762 2167
0.000628798 2167
0.000534478 2164
0.000454307 2163
0.000386161 2160
0.000328236 2158
0.000279001 2153
0.000237151 2152
0.000201578 2152
0.000171341 2146
0.00014564 2143
0.000123794 2140
0.000105225 2137
8.94413e-005 2137
