3.1113e+006 6798
2.80017e+006 6687
2.52015e+006 6894
2.26814e+006 6790
2.04132e+006 6890
1.83719e+006 6947
1.65347e+006 7011
1.48813e+006 6845
1.33931e+006 6769
1.20538e+006 7072
1.08484e+006 6888
976359 6655
878723 6970
790851 6964
711766 6875
640589 7039
576530 6974
518877 6897
466989 6943
420290 6819
378261 6829
340435 6990
306392 6954
275753 6887
248177 7141
223360 7027
201024 7070
180921 6943
162829 7103
146546 7128
131892 6980
118702 6785
106832 6834
96149 6740
86534.1 6629
77880.7 6955
70092.6 7082
63083.3 6716
56775 7020
51097.5 6949
45987.8 6788
41389 6675
37250.1 6944
33525.1 6874
30172.6 7117
27155.3 7026
24439.8 6767
21995.8 7078
19796.2 7052
17816.6 6822
16034.9 7048
14431.4 7097
12988.3 6938
11689.5 6917
10520.5 6989
9468.47 6765
8521.62 6854
7669.46 6919
6902.52 7059
6212.26 6959
5591.04 7047
5031.93 6857
4528.74 6979
4075.87 6819
3668.28 6755
3301.45 6950
2971.31 6850
2674.18 6923
2406.76 7071
2166.08 6706
1949.47 6983
1754.53 6822
1579.07 6863
1421.17 6767
1279.05 7060
1151.15 7062
1036.03 6833
932.428 6927
839.185 7036
755.266 6931
679.74 6843
611.766 6999
550.589 6753
495.53 7028
445.977 6810
401.38 7055
361.242 6988
325.117 7084
292.606 6847
263.345 6812
237.011 6799
213.31 6999
191.979 6864
172.781 6725
155.503 6799
139.952 6928
125.957 7013
113.361 6899
102.025 6763
91.8228 6839
82.6405 7166
74.3764 6901
66.9388 6649
60.2449 6923
54.2204 6755
48.7984 6725
43.9185 6760
39.5267 6692
35.574 6423
32.0166 6453
28.815 6273
25.9335 6396
23.3401 6130
21.0061 6310
18.9055 6014
17.0149 5987
15.3134 5728
13.7821 5324
12.4039 4984
11.1635 4916
10.0472 4625
9.04244 4602
8.13819 4477
7.32437 4146
6.59194 3986
5.93274 3795
5.33947 3743
4.80552 3331
4.32497 3282
3.89247 3129
3.50323 3020
3.1529 2995
2.83761 2965
2.55385 2870
2.29847 2789
2.06862 2722
1.86176 2679
1.67558 2632
1.50802 2574
1.35722 2543
1.2215 2514
1.09935 2457
0.989414 2432
0.890473 2404
0.801426 2388
0.721283 2363
0.649155 2348
0.584239 2327
0.525815 2319
0.473234 2306
0.42591 2295
0.383319 2288
0.344987 2278
0.310489 2266
0.27944 2257
0.251496 2255
0.226346 2245
0.203712 2238
0.18334 2236
0.165006 2232
0.148506 2228
0.133655 2218
0.12029 2212
0.108261 2209
0.0974347 2200
0.0876912 2199
0.0789221 2195
0.0710299 2189
0.0639269 2184
0.0575342 2183
0.0517808 2180
0.0466027 2179
0.0419424 2176
0.0377482 2174
0.0339734 2168
0.030576 2164
0.0275184 2159
0.0247666 2158
0.0222899 2156
0.0200609 2152
0.0180548 2148
0.0162494 2141
0.0146244 2140
0.013162 2135
0.0118458 2134
0.0106612 2130
0.00959508 2128
0.00863557 2126
0.00777202 2122
0.00699481 2119
0.00629533 2115
0.0056658 2110
0.00509922 2110
0.0045893 2110
0.00413037 2110
0.00371733 2108
0.0033456 2105
0.00301104 2104
0.00270993 2099
0.00243894 2098
0.00219505 2097
0.00197554 2095
0.00177799 2092
0.00160019 2091
0.00144017 2090
0.00129615 2090
0.00116654 2090
0.00104988 2087
0.000944896 2087
0.000850406 2086
0.000765365 2085
0.000688829 2082
0.000619946 2082
0.000557951 2081
0.000502156 2080
0.000451941 2079
0.000406747 2079
0.000366072 2078
0.000329465 2077
0.000296518 2071
0.000266866 2069
0.00024018 2068
0.000216162 2068
0.000194546 2068
0.000175091 2065
0.000157582 2063
0.000141824 2058
0.000127641 2056
0.000114877 2056
0.00010339 2056
9.30506e-005 2054
