2.59275e+006 6798
1.94456e+006 6687
1.45842e+006 6894
1.09382e+006 6790
820362 6890
615272 6947
461454 7011
346090 6845
259568 6769
194676 7072
146007 6888
109505 6655
82128.9 6970
61596.6 6964
46197.5 6875
34648.1 7039
25986.1 6974
19489.6 6897
14617.2 6943
10962.9 6819
8222.16 6829
6166.62 6990
4624.96 6954
3468.72 6887
2601.54 7141
1951.16 7027
1463.37 7070
1097.53 6943
823.144 7103
617.358 7128
463.019 6980
347.264 6785
260.448 6834
195.336 6740
146.502 6629
109.877 6955
82.4074 7077
61.8055 6630
46.3542 6854
34.7656 6839
26.0742 6561
19.5557 6200
14.6667 5941
11.0001 5524
8.25004 4930
6.18753 4479
4.64065 4110
3.48049 3706
2.61037 3534
1.95777 3301
1.46833 3167
1.10125 3063
0.825936 2968
0.619452 2897
0.464589 2840
0.348442 2807
0.261331 2762
0.195998 2739
0.146999 2698
0.110249 2678
0.0826868 2647
0.0620151 2617
0.0465114 2597
0.0348835 2578
0.0261626 2556
0.019622 2539
0.0147165 2524
0.0110374 2516
0.00827802 2513
0.00620852 2500
0.00465639 2492
0.00349229 2486
0.00261922 2480
0.00196441 2471
0.00147331 2467
0.00110498 2460
0.000828737 2452
0.000621553 2445
0.000466164 2435
0.000349623 2429
0.000262218 2427
0.000196663 2423
0.000147497 2423
0.000110623 2416
8.29673e-005 2414
