3.28415e+006 6798
3.11994e+006 6687
2.96395e+006 6894
2.81575e+006 6790
2.67496e+006 6890
2.54121e+006 6947
2.41415e+006 7011
2.29344e+006 6845
2.17877e+006 6769
2.06983e+006 7072
1.96634e+006 6888
1.86802e+006 6655
1.77462e+006 6970
1.68589e+006 6964
1.6016e+006 6875
1.52152e+006 7039
1.44544e+006 6974
1.37317e+006 6897
1.30451e+006 6943
1.23929e+006 6819
1.17732e+006 6829
1.11846e+006 6990
1.06253e+006 6954
1.00941e+006 6887
958936 7141
910989 7027
865440 7070
822168 6943
781059 7103
742006 7128
704906 6980
669661 6785
636178 6834
604369 6740
574150 6629
545443 6955
518171 7082
492262 6716
467649 7020
444267 6949
422053 6788
400951 6675
380903 6944
361858 6874
343765 7117
326577 7026
310248 6767
294735 7078
279999 7052
265999 6822
252699 7048
240064 7097
228061 6938
216658 6917
205825 6989
195534 6765
185757 6854
176469 6919
167646 7059
159263 6959
151300 7047
143735 6857
136548 6979
129721 6819
123235 6755
117073 6950
111219 6850
105659 6923
100376 7071
95356.8 6706
90589 6983
86059.5 6822
81756.6 6863
77668.7 6767
73785.3 7060
70096 7062
66591.2 6833
63261.7 6927
60098.6 7036
57093.6 6931
54239 6843
51527 6999
48950.7 6753
46503.1 7028
44178 6810
41969.1 7055
39870.6 6988
37877.1 7084
35983.2 6847
34184.1 6812
32474.9 6799
30851.1 6999
29308.6 6864
27843.1 6725
26451 6799
25128.4 6928
23872 7020
22678.4 6905
21544.5 6763
20467.3 6777
19443.9 7092
18471.7 6894
17548.1 6620
16670.7 6913
15837.2 6792
15045.3 6922
14293.1 6849
13578.4 6959
12899.5 6787
12254.5 6875
11641.8 6586
11059.7 7053
10506.7 6849
9981.38 7080
9482.31 6858
9008.19 6883
8557.78 6880
8129.89 6998
7723.4 6695
7337.23 6675
6970.37 6918
6621.85 6960
6290.76 6911
5976.22 6921
5677.41 6790
5393.54 6916
5123.86 6886
4867.67 6950
4624.28 6805
4393.07 6840
4173.42 6784
3964.75 6882
3766.51 6862
3578.18 6976
3399.27 6722
3229.31 6919
3067.84 7103
2914.45 7009
2768.73 6870
2630.29 6812
2498.78 7016
2373.84 7236
2255.15 6836
2142.39 6844
2035.27 7035
1933.51 6996
1836.83 7029
1744.99 6953
1657.74 6959
1574.85 6715
1496.11 6918
1421.31 6995
1350.24 6929
1282.73 6900
1218.59 6743
1157.66 6805
1099.78 6964
1044.79 7028
992.551 6826
942.923 6991
895.777 7156
850.988 6774
808.439 6930
768.017 6776
729.616 6860
693.135 7027
658.478 6972
625.554 6695
594.277 6893
564.563 6870
536.335 6849
509.518 6993
484.042 6877
459.84 6958
436.848 6932
415.006 6890
394.255 6780
374.543 6834
355.815 7077
338.025 6931
321.123 6791
305.067 6658
289.814 6782
275.323 7015
261.557 6992
248.479 7106
236.055 6802
224.252 6930
213.04 6915
202.388 6910
192.268 6935
182.655 6908
173.522 6939
164.846 6794
156.604 6878
148.774 6625
141.335 6812
134.268 6676
127.555 6783
121.177 7076
115.118 6945
109.362 6879
103.894 6888
98.6995 7127
93.7645 6954
89.0763 7035
84.6225 6898
80.3913 6988
76.3718 6795
72.5532 6682
68.9255 6914
65.4793 6988
62.2053 6758
59.095 6914
56.1403 6976
53.3333 6893
50.6666 6925
48.1333 6786
45.7266 6882
43.4403 6652
41.2683 6879
39.2048 6763
37.2446 6699
35.3824 6594
33.6133 6629
31.9326 6584
30.336 6252
28.8192 6138
27.3782 6063
26.0093 6476
24.7088 6154
23.4734 6127
22.2997 6295
21.1847 5993
20.1255 5966
19.1192 5875
18.1633 5712
17.2551 5706
16.3923 5388
15.5727 5600
14.7941 5552
14.0544 5429
13.3517 5291
12.6841 5294
12.0499 4954
11.4474 4997
10.875 4731
10.3313 4717
9.8147 4487
9.32397 4355
8.85777 4267
8.41488 4071
7.99414 3906
7.59443 3965
7.21471 3793
6.85397 3794
6.51127 3642
6.18571 3493
5.87642 3568
5.5826 3580
5.30347 3311
5.0383 3182
4.78638 3171
4.54707 3121
4.31971 3143
4.10373 2934
3.89854 2871
3.70361 2860
3.51843 2794
3.34251 2781
3.17539 2751
3.01662 2701
2.86579 2701
2.7225 2629
2.58637 2559
2.45705 2519
2.3342 2529
2.21749 2482
2.10662 2438
2.00128 2426
1.90122 2425
1.80616 2399
1.71585 2381
1.63006 2362
1.54856 2365
1.47113 2352
1.39757 2345
1.32769 2306
1.26131 2271
1.19824 2243
1.13833 2223
1.08141 2202
1.02734 2183
0.975976 2167
0.927178 2155
0.880819 2145
0.836778 2122
0.794939 2117
0.755192 2113
0.717432 2108
0.681561 2099
0.647483 2094
0.615109 2089
0.584353 2086
0.555135 2077
0.527379 2068
0.50101 2065
0.475959 2061
0.452161 2056
0.429553 2054
0.408076 2049
0.387672 2046
0.368288 2035
0.349874 2030
0.33238 2024
0.315761 2023
0.299973 2020
0.284974 2018
0.270726 2016
0.257189 2012
0.24433 2008
0.232113 2007
0.220508 2007
0.209482 2005
0.199008 2000
0.189058 1999
0.179605 1999
0.170625 1993
0.162093 1990
0.153989 1989
0.146289 1989
0.138975 1989
0.132026 1986
0.125425 1985
0.119154 1984
0.113196 1982
0.107536 1980
0.102159 1979
0.0970513 1979
0.0921988 1977
0.0875888 1972
0.0832094 1970
0.0790489 1970
0.0750965 1969
0.0713417 1968
0.0677746 1968
0.0643858 1964
0.0611666 1957
0.0581082 1955
0.0552028 1954
0.0524427 1954
0.0498205 1953
0.0473295 1951
0.044963 1950
0.0427149 1949
0.0405791 1948
0.0385502 1948
0.0366227 1948
0.0347915 1948
0.033052 1947
0.0313994 1945
0.0298294 1945
0.0283379 1945
0.026921 1945
0.025575 1944
0.0242962 1943
0.0230814 1943
0.0219273 1942
0.020831 1941
0.0197894 1937
0.0188 1937
0.01786 1937
0.016967 1936
0.0161186 1936
0.0153127 1936
0.0145471 1936
0.0138197 1936
0.0131287 1936
0.0124723 1936
0.0118487 1935
0.0112562 1933
0.0106934 1933
0.0101587 1933
0.00965081 1933
0.00916827 1932
0.00870986 1932
0.00827436 1932
0.00786065 1930
0.00746761 1929
0.00709423 1929
0.00673952 1929
0.00640255 1929
0.00608242 1929
0.0057783 1928
0.00548938 1928
0.00521491 1928
0.00495417 1928
0.00470646 1927
0.00447114 1927
0.00424758 1926
0.0040352 1926
0.00383344 1925
0.00364177 1924
0.00345968 1924
0.0032867 1923
0.00312236 1922
0.00296624 1922
0.00281793 1921
0.00267703 1921
0.00254318 1921
0.00241602 1921
0.00229522 1920
0.00218046 1920
0.00207144 1920
0.00196787 1920
0.00186947 1920
0.001776 1920
0.0016872 1919
0.00160284 1917
0.0015227 1917
0.00144656 1917
0.00137423 1917
0.00130552 1917
0.00124025 1917
0.00117823 1917
0.00111932 1917
0.00106336 1917
0.00101019 1917
0.000959679 1917
0.000911695 1917
0.00086611 1917
0.000822805 1917
0.000781665 1917
0.000742581 1916
0.000705452 1915
0.00067018 1915
0.000636671 1914
0.000604837 1913
0.000574595 1913
0.000545866 1913
0.000518572 1913
0.000492644 1913
0.000468011 1913
0.000444611 1913
0.00042238 1913
0.000401261 1912
0.000381198 1912
0.000362138 1912
0.000344031 1912
0.00032683 1911
0.000310488 1911
0.000294964 1911
0.000280216 1911
0.000266205 1910
0.000252895 1910
0.00024025 1910
0.000228237 1909
0.000216826 1909
0.000205984 1909
0.000195685 1909
0.000185901 1908
0.000176606 1907
0.000167776 1907
0.000159387 1907
0.000151417 1907
0.000143847 1907
0.000136654 1906
0.000129822 1906
0.00012333 1906
0.000117164 1906
0.000111306 1906
0.00010574 1906
0.000100453 1906
