2.7656e+006 6798
2.21248e+006 6687
1.76998e+006 6894
1.41599e+006 6790
1.13279e+006 6890
906232 6947
724985 7011
579988 6845
463991 6769
371193 7072
296954 6888
237563 6655
190051 6970
152040 6964
121632 6875
97305.9 7039
77844.7 6974
62275.8 6897
49820.6 6943
39856.5 6819
31885.2 6829
25508.2 6990
20406.5 6954
16325.2 6887
13060.2 7141
10448.1 7027
8358.51 7070
6686.81 6943
5349.45 7103
4279.56 7128
3423.65 6980
2738.92 6785
2191.13 6834
1752.91 6740
1402.33 6629
1121.86 6955
897.489 7082
717.991 6716
574.393 7020
459.514 6949
367.611 6788
294.089 6675
235.271 6944
188.217 6874
150.574 7117
120.459 7026
96.3671 6767
77.0937 6968
61.6749 7054
49.34 6872
39.472 7083
31.5776 6747
25.2621 6349
20.2096 6306
16.1677 5911
12.9342 5660
10.3473 4853
8.27787 4857
6.6223 4348
5.29784 4118
4.23827 3767
3.39062 3455
2.71249 3341
2.16999 3135
1.736 3046
1.3888 2983
1.11104 2930
0.88883 2871
0.711064 2804
0.568851 2765
0.455081 2736
0.364065 2702
0.291252 2687
0.233001 2660
0.186401 2626
0.149121 2623
0.119297 2604
0.0954373 2593
0.0763499 2587
0.0610799 2577
0.0488639 2566
0.0390911 2557
0.0312729 2548
0.0250183 2541
0.0200147 2537
0.0160117 2534
0.0128094 2521
0.0102475 2514
0.00819801 2507
0.0065584 2499
0.00524672 2491
0.00419738 2487
0.0033579 2485
0.00268632 2481
0.00214906 2480
0.00171925 2475
0.0013754 2470
0.00110032 2470
0.000880254 2461
0.000704203 2452
0.000563363 2447
0.00045069 2445
0.000360552 2440
0.000288442 2436
0.000230753 2430
0.000184603 2427
0.000147682 2425
0.000118146 2421
9.45166e-005 2421
