2.16382e+007 46195
2.05562e+007 45536
1.95284e+007 46195
1.8552e+007 45594
1.76244e+007 45836
1.67432e+007 45568
1.5906e+007 45069
1.51107e+007 46236
1.43552e+007 47131
1.36374e+007 45512
1.29556e+007 46221
1.23078e+007 46117
1.16924e+007 45379
1.11078e+007 45476
1.05524e+007 44651
1.00248e+007 45494
9.52353e+006 46383
9.04735e+006 45180
8.59498e+006 47131
8.16523e+006 46210
7.75697e+006 45205
7.36912e+006 44610
7.00067e+006 44992
6.65063e+006 45385
6.3181e+006 45614
6.0022e+006 45071
5.70209e+006 46189
5.41698e+006 46274
5.14613e+006 46373
4.88883e+006 45507
4.64439e+006 46714
4.41217e+006 45819
4.19156e+006 46055
3.98198e+006 46890
3.78288e+006 45371
3.59374e+006 46151
3.41405e+006 45492
3.24335e+006 44561
3.08118e+006 46461
2.92712e+006 45394
2.78077e+006 45550
2.64173e+006 44913
2.50964e+006 45025
2.38416e+006 44446
2.26495e+006 46236
2.1517e+006 47076
2.04412e+006 45995
1.94191e+006 45749
1.84482e+006 45707
1.75258e+006 45000
1.66495e+006 45617
1.5817e+006 46571
1.50261e+006 47057
1.42748e+006 45871
1.35611e+006 44589
1.2883e+006 45676
1.22389e+006 45515
1.16269e+006 45851
1.10456e+006 45288
1.04933e+006 45416
996865 45810
947022 46744
899671 45752
854687 45487
811953 45720
771355 45347
732788 45311
696148 45951
661341 45713
628274 45732
596860 46433
567017 46096
538666 46248
511733 45084
486146 46372
461839 45113
438747 46834
416810 45919
395969 46291
376171 45389
357362 45109
339494 45747
322519 45652
306393 45384
291074 45228
276520 46515
262694 45238
249559 45416
237081 45427
225227 46023
213966 45122
203268 46178
193104 46764
183449 45942
174277 45971
165563 46005
157285 45682
149420 45955
141949 44959
134852 45819
128109 46332
121704 44762
115619 46641
109838 45188
104346 45575
99128.5 45348
94172.1 45625
89463.5 45186
84990.3 46377
80740.8 45407
76703.8 45981
72868.6 45847
69225.2 45163
65763.9 45538
62475.7 45023
59351.9 46674
56384.3 44597
53565.1 47251
50886.8 46501
48342.5 46112
45925.4 47072
43629.1 46285
41447.7 44935
39375.3 46117
37406.5 46448
35536.2 44358
33759.4 46015
32071.4 44770
30467.8 46566
28944.4 45287
27497.2 46926
26122.4 46328
24816.2 46968
23575.4 46272
22396.7 44852
21276.8 46440
20213 45769
19202.3 45832
18242.2 46346
17330.1 46010
16463.6 46027
15640.4 44607
14858.4 45680
14115.5 46154
13409.7 45979
12739.2 44955
12102.3 46180
11497.1 46075
10922.3 44895
10376.2 46002
9857.37 45956
9364.5 46323
8896.27 44907
8451.46 46418
8028.89 45354
7627.44 45635
7246.07 44962
6883.77 46058
6539.58 44806
6212.6 46717
5901.97 45207
5606.87 46152
5326.53 45650
5060.2 46186
4807.19 44732
4566.83 46953
4338.49 46410
4121.57 47039
3915.49 46515
3719.71 45470
3533.73 45662
3357.04 45676
3189.19 45837
3029.73 45941
2878.24 45401
2734.33 45637
2597.61 46568
2467.73 45265
2344.35 46923
2227.13 45513
2115.77 44269
2009.98 46048
1909.49 45093
1814.01 44007
1723.31 45873
1637.14 45563
1555.29 46043
1477.52 45409
1403.65 45715
1333.46 45812
1266.79 45649
1203.45 44452
1143.28 46709
1086.12 45173
1031.81 45435
980.219 44947
931.208 44966
884.648 46231
840.415 45925
798.395 45122
758.475 45203
720.551 45893
684.524 45880
650.297 46841
617.783 46005
586.893 46343
557.549 46021
529.671 45803
503.188 45482
478.028 46290
454.127 45704
431.421 46344
409.85 46052
389.357 45148
369.889 45716
351.395 45506
333.825 46061
317.134 44823
301.277 46440
286.213 46278
271.903 45123
258.307 45212
245.392 46069
233.122 46098
221.466 45537
210.393 45059
199.873 45064
189.88 45519
180.386 44485
171.366 45237
162.798 46300
154.658 45542
146.925 44404
139.579 45223
132.6 44644
125.97 44664
119.672 44228
113.688 44341
108.004 43398
102.603 43680
97.4732 42515
92.5996 43805
87.9696 41470
83.5711 41987
79.3926 41811
75.4229 41495
71.6518 39737
68.0692 39727
64.6657 38946
61.4325 38307
58.3608 38078
55.4428 37622
52.6706 36965
50.0371 35745
47.5353 34809
45.1585 34897
42.9006 33205
40.7555 32208
38.7178 32490
36.7819 31213
34.9428 29985
33.1956 28871
31.5359 30189
29.9591 28397
28.4611 27126
27.0381 26976
25.6862 25797
24.4018 24990
23.1818 23914
22.0227 23361
20.9215 22609
19.8755 21599
18.8817 21158
17.9376 20478
17.0407 19391
16.1887 18406
15.3793 18295
14.6103 17413
13.8798 16644
13.1858 15769
12.5265 15412
11.9002 15091
11.3052 14957
10.7399 14132
10.2029 13703
9.69276 13203
9.20813 12764
8.74772 12766
8.31033 12470
7.89482 11834
7.50008 11479
7.12507 11201
6.76882 10870
6.43038 10578
6.10886 10275
5.80342 10208
5.51325 10078
5.23758 9752
4.9757 9568
4.72692 9434
4.49057 9227
4.26604 9139
4.05274 8879
3.8501 8650
3.6576 8436
3.47472 8362
3.30098 8225
3.13593 8174
2.97914 8075
2.83018 7987
2.68867 7802
2.55424 7727
2.42653 7659
2.3052 7541
2.18994 7423
2.08044 7338
1.97642 7305
1.8776 7227
1.78372 7134
1.69453 7070
1.60981 7035
1.52932 7002
1.45285 6966
1.38021 6928
1.3112 6875
1.24564 6791
1.18336 6713
1.12419 6660
1.06798 6594
1.01458 6559
0.963851 6503
0.915658 6464
0.869875 6414
0.826382 6366
0.785063 6325
0.745809 6296
0.708519 6273
0.673093 6231
0.639438 6206
0.607466 6191
0.577093 6173
0.548239 6137
0.520827 6122
0.494785 6107
0.470046 6081
0.446544 6055
0.424217 6023
0.403006 6000
0.382855 5979
0.363713 5953
0.345527 5930
0.328251 5910
0.311838 5898
0.296246 5876
0.281434 5860
0.267362 5850
0.253994 5830
0.241294 5814
0.22923 5798
0.217768 5784
0.20688 5764
0.196536 5751
0.186709 5742
0.177374 5723
0.168505 5703
0.16008 5692
0.152076 5684
0.144472 5667
0.137248 5659
0.130386 5640
0.123867 5626
0.117673 5615
0.11179 5606
0.1062 5599
0.10089 5589
0.0958456 5568
0.0910533 5554
0.0865006 5550
0.0821756 5538
0.0780668 5529
0.0741635 5520
0.0704553 5513
0.0669325 5505
0.0635859 5494
0.0604066 5480
0.0573863 5476
0.054517 5467
0.0517911 5455
0.0492016 5446
0.0467415 5437
0.0444044 5427
0.0421842 5415
0.040075 5412
0.0380712 5403
0.0361677 5397
0.0343593 5395
0.0326413 5385
0.0310093 5372
0.0294588 5366
0.0279859 5363
0.0265866 5357
0.0252572 5341
0.0239944 5331
0.0227947 5327
0.0216549 5320
0.0205722 5317
0.0195436 5314
0.0185664 5308
0.0176381 5306
0.0167562 5303
0.0159184 5296
0.0151224 5295
0.0143663 5286
0.013648 5283
0.0129656 5280
0.0123173 5270
0.0117015 5269
0.0111164 5264
0.0105606 5263
0.0100325 5259
0.00953091 5248
0.00905436 5243
0.00860165 5240
0.00817156 5232
0.00776299 5227
0.00737484 5225
0.00700609 5223
0.00665579 5219
0.006323 5217
0.00600685 5213
0.00570651 5209
0.00542118 5201
0.00515012 5190
0.00489262 5187
0.00464799 5181
0.00441559 5179
0.00419481 5178
0.00398507 5169
0.00378581 5166
0.00359652 5158
0.0034167 5158
0.00324586 5155
0.00308357 5154
0.00292939 5152
0.00278292 5151
0.00264377 5150
0.00251159 5144
0.00238601 5142
0.00226671 5138
0.00215337 5132
0.0020457 5131
0.00194342 5129
0.00184625 5127
0.00175393 5124
0.00166624 5124
0.00158293 5121
0.00150378 5119
0.00142859 5114
0.00135716 5107
0.0012893 5102
0.00122484 5100
0.0011636 5098
0.00110542 5094
0.00105015 5085
0.000997638 5083
0.000947756 5080
0.000900368 5077
0.00085535 5073
0.000812582 5072
0.000771953 5070
0.000733356 5064
0.000696688 5058
0.000661853 5056
0.000628761 5055
0.000597323 5053
0.000567457 5048
0.000539084 5045
0.00051213 5044
0.000486523 5042
0.000462197 5040
0.000439087 5040
0.000417133 5039
0.000396276 5034
0.000376462 5034
0.000357639 5033
0.000339757 5033
0.000322769 5032
0.000306631 5031
0.000291299 5029
0.000276734 5026
