2.04993e+007 46195
1.84494e+007 45536
1.66044e+007 46195
1.4944e+007 45594
1.34496e+007 45836
1.21046e+007 45568
1.08942e+007 45069
9.80475e+006 46236
8.82428e+006 47131
7.94185e+006 45512
7.14766e+006 46221
6.4329e+006 46117
5.78961e+006 45379
5.21065e+006 45476
4.68958e+006 44651
4.22062e+006 45494
3.79856e+006 46383
3.41871e+006 45180
3.07683e+006 47131
2.76915e+006 46210
2.49224e+006 45205
2.24301e+006 44610
2.01871e+006 44992
1.81684e+006 45385
1.63516e+006 45614
1.47164e+006 45071
1.32448e+006 46189
1.19203e+006 46274
1.07283e+006 46373
965543 45507
868989 46714
782090 45819
703881 46055
633493 46890
570144 45371
513129 46151
461816 45492
415635 44561
374071 46461
336664 45394
302998 45550
272698 44913
245428 45025
220885 44446
198797 46236
178917 47076
161025 45995
144923 45749
130431 45707
117388 45000
105649 45617
95083.9 46571
85575.5 47057
77018 45871
69316.2 44589
62384.6 45676
56146.1 45515
50531.5 45851
45478.3 45288
40930.5 45416
36837.5 45810
33153.7 46744
29838.3 45752
26854.5 45487
24169.1 45720
21752.1 45347
19576.9 45311
17619.2 45951
15857.3 45713
14271.6 45732
12844.4 46433
11560 46096
10404 46248
9363.59 45084
8427.23 46372
7584.5 45113
6826.05 46834
6143.45 45919
5529.1 46291
4976.19 45389
4478.57 45109
4030.72 45747
3627.65 45652
3264.88 45384
2938.39 45228
2644.55 46515
2380.1 45238
2142.09 45416
1927.88 45427
1735.09 46023
1561.58 45122
1405.42 46178
1264.88 46764
1138.39 45942
1024.55 45971
922.099 46005
829.889 45682
746.9 45955
672.21 44959
604.989 45819
544.49 46332
490.041 44762
441.037 46641
396.933 45188
357.24 45575
321.516 45348
289.364 45610
260.428 45156
234.385 46520
210.947 44946
189.852 45720
170.867 45425
153.78 44455
138.402 44417
124.562 44095
112.106 45330
100.895 42246
90.8056 43829
81.725 42183
73.5525 40098
66.1973 40536
59.5776 39787
53.6198 37815
48.2578 36521
43.432 34703
39.0888 33169
35.18 31487
31.662 30220
28.4958 28013
25.6462 26912
23.0816 25015
20.7734 23379
18.6961 21366
16.8265 20454
15.1438 18874
13.6294 17596
12.2665 16409
11.0398 15480
9.93586 14740
8.94227 13936
8.04804 13405
7.24324 12561
6.51892 12397
5.86702 11775
5.28032 11413
4.75229 10807
4.27706 10538
3.84935 10159
3.46442 9804
3.11798 9570
2.80618 9338
2.52556 9018
2.27301 8787
2.0457 8577
1.84113 8362
1.65702 8253
1.49132 8114
1.34219 7980
1.20797 7844
1.08717 7715
0.978454 7631
0.880609 7552
0.792548 7454
0.713293 7363
0.641964 7311
0.577767 7265
0.519991 7207
0.467992 7138
0.421192 7078
0.379073 7009
0.341166 6956
0.307049 6916
0.276344 6869
0.24871 6814
0.223839 6761
0.201455 6722
0.18131 6678
0.163179 6625
0.146861 6598
0.132175 6564
0.118957 6534
0.107061 6511
0.0963553 6482
0.0867198 6456
0.0780478 6431
0.070243 6397
0.0632187 6373
0.0568969 6350
0.0512072 6332
0.0460865 6304
0.0414778 6270
0.03733 6252
0.033597 6222
0.0302373 6192
0.0272136 6176
0.0244922 6158
0.022043 6145
0.0198387 6120
0.0178548 6085
0.0160694 6067
0.0144624 6053
0.0130162 6045
0.0117146 6023
0.0105431 6018
0.00948879 6011
0.00853991 5998
0.00768592 5987
0.00691733 5970
0.0062256 5950
0.00560304 5927
0.00504273 5907
0.00453846 5902
0.00408461 5894
0.00367615 5880
0.00330854 5857
0.00297768 5847
0.00267992 5839
0.00241192 5813
0.00217073 5798
0.00195366 5792
0.00175829 5773
0.00158246 5757
0.00142422 5743
0.0012818 5736
0.00115362 5722
0.00103825 5712
0.000934429 5707
0.000840986 5702
0.000756887 5694
0.000681199 5685
0.000613079 5674
0.000551771 5664
0.000496594 5654
0.000446934 5645
0.000402241 5628
0.000362017 5610
0.000325815 5587
0.000293234 5576
0.00026391 5562
