1.82216e+007 46195
1.45773e+007 45536
1.16618e+007 46195
9.32946e+006 45594
7.46357e+006 45836
5.97085e+006 45568
4.77668e+006 45069
3.82135e+006 46236
3.05708e+006 47131
2.44566e+006 45512
1.95653e+006 46221
1.56522e+006 46117
1.25218e+006 45379
1.00174e+006 45476
801394 44651
641116 45494
512892 46383
410314 45180
328251 47131
262601 46210
210081 45205
168065 44610
134452 44992
107561 45385
86049.1 45614
68839.3 45071
55071.4 46189
44057.1 46274
35245.7 46373
28196.6 45507
22557.2 46714
18045.8 45819
14436.6 46055
11549.3 46890
9239.45 45371
7391.56 46151
5913.25 45492
4730.6 44561
3784.48 46461
3027.58 45394
2422.07 45550
1937.65 44913
1550.12 45025
1240.1 44446
992.078 46236
793.663 47076
634.93 45995
507.944 45749
406.355 45707
325.084 45000
260.067 45617
208.054 46571
166.443 46533
133.154 45289
106.524 43356
85.2189 43277
68.1751 41654
54.5401 40410
43.6321 35482
34.9057 33560
27.9245 31141
22.3396 27989
17.8717 24420
14.2974 21582
11.4379 19124
9.15031 17238
7.32025 15845
5.8562 14927
4.68496 14115
3.74797 13224
2.99837 12500
2.3987 11950
1.91896 11484
1.53517 11132
1.22813 10897
0.982507 10582
0.786005 10418
0.628804 10233
0.503043 10043
0.402435 9847
0.321948 9727
0.257558 9511
0.206047 9371
0.164837 9274
0.13187 9184
0.105496 9082
0.0843967 9007
0.0675173 8942
0.0540139 8880
0.0432111 8791
0.0345689 8728
0.0276551 8679
0.0221241 8638
0.0176993 8606
0.0141594 8550
0.0113275 8503
0.00906203 8460
0.00724962 8411
0.0057997 8371
0.00463976 8326
0.00371181 8265
0.00296944 8239
0.00237556 8215
0.00190044 8173
0.00152036 8148
0.00121628 8097
0.000973028 8064
0.000778422 8026
0.000622738 7995
0.00049819 7967
0.000398552 7934
0.000318842 7906
0.000255073 7898
