1.93604e+007 46195
1.64564e+007 45536
1.39879e+007 46195
1.18897e+007 45594
1.01063e+007 45836
8.59033e+006 45568
7.30178e+006 45069
6.20652e+006 46236
5.27554e+006 47131
4.48421e+006 45512
3.81158e+006 46221
3.23984e+006 46117
2.75386e+006 45379
2.34078e+006 45476
1.98967e+006 44651
1.69122e+006 45494
1.43753e+006 46383
1.2219e+006 45180
1.03862e+006 47131
882826 46210
750402 45205
637842 44610
542165 44992
460841 45385
391715 45614
332957 45071
283014 46189
240562 46274
204477 46373
173806 45507
147735 46714
125575 45819
106738 46055
90727.7 46890
77118.6 45371
65550.8 46151
55718.2 45492
47360.4 44561
40256.4 46461
34217.9 45394
29085.2 45550
24722.4 44913
21014.1 45025
17862 44446
15182.7 46236
12905.3 47076
10969.5 45995
9324.06 45749
7925.45 45707
6736.63 45000
5726.14 45617
4867.22 46571
4137.13 47057
3516.56 45871
2989.08 44589
2540.72 45676
2159.61 45515
1835.67 45851
1560.32 45288
1326.27 45416
1127.33 45810
958.23 46744
814.496 45752
692.321 45487
588.473 45720
500.202 45347
425.172 45311
361.396 45951
307.187 45713
261.109 45488
221.942 46423
188.651 45928
160.353 45930
136.3 44021
115.855 45213
98.477 43160
83.7055 42526
71.1496 41571
60.4772 39987
51.4056 38499
43.6948 36103
37.1406 34069
31.5695 31235
26.8341 28665
22.8089 25554
19.3876 23760
16.4795 21643
14.0075 19766
11.9064 17822
10.1205 16388
8.60238 15455
7.31203 14141
6.21522 13255
5.28294 12615
4.4905 11927
3.81692 11392
3.24438 10793
2.75773 10427
2.34407 10036
1.99246 9669
1.69359 9352
1.43955 9066
1.22362 8823
1.04008 8605
0.884064 8417
0.751454 8269
0.638736 8130
0.542926 8039
0.461487 7949
0.392264 7838
0.333424 7724
0.283411 7660
0.240899 7584
0.204764 7532
0.17405 7469
0.147942 7412
0.125751 7327
0.106888 7292
0.090855 7222
0.0772267 7174
0.0656427 7119
0.0557963 7074
0.0474269 7028
0.0403128 6978
0.0342659 6936
0.029126 6883
0.0247571 6830
0.0210436 6791
0.017887 6766
0.015204 6726
0.0129234 6671
0.0109849 6650
0.00933714 6621
0.00793656 6597
0.00674608 6559
0.00573417 6537
0.00487404 6515
0.00414294 6507
0.0035215 6471
0.00299327 6436
0.00254428 6411
0.00216264 6391
0.00183824 6362
0.00156251 6346
0.00132813 6327
0.00112891 6305
0.000959574 6291
0.000815638 6263
0.000693292 6246
0.000589299 6223
0.000500904 6207
0.000425768 6189
0.000361903 6166
0.000307618 6148
0.000261475 6133
