1.70828e+007 46195
1.28121e+007 45536
9.60905e+006 46195
7.20679e+006 45594
5.40509e+006 45836
4.05382e+006 45568
3.04036e+006 45069
2.28027e+006 46236
1.7102e+006 47131
1.28265e+006 45512
961990 46221
721492 46117
541119 45379
405839 45476
304380 44651
228285 45494
171213 46383
128410 45180
96307.6 47131
72230.7 46210
54173 45205
40629.8 44610
30472.3 44992
22854.2 45385
17140.7 45614
12855.5 45071
9641.63 46189
7231.23 46274
5423.42 46373
4067.56 45507
3050.67 46714
2288 45819
1716 46055
1287 46890
965.252 45371
723.939 46151
542.954 45492
407.216 44561
305.412 46461
229.059 45394
171.794 45228
128.846 44905
96.6342 43233
72.4756 40410
54.3567 40386
40.7676 37266
30.5757 32876
22.9317 27992
17.1988 24823
12.8991 21540
9.67433 18723
7.25575 16451
5.44181 15302
4.08136 13939
3.06102 13048
2.29576 12317
1.72182 11651
1.29137 11177
0.968526 10862
0.726394 10592
0.544796 10293
0.408597 10011
0.306448 9757
0.229836 9504
0.172377 9301
0.129283 9177
0.0969619 9029
0.0727214 8883
0.0545411 8789
0.0409058 8670
0.0306794 8565
0.0230095 8452
0.0172571 8331
0.0129429 8269
0.00970714 8199
0.00728035 8129
0.00546027 8061
0.0040952 7977
0.0030714 7933
0.00230355 7859
0.00172766 7818
0.00129575 7772
0.00097181 7732
0.000728858 7689
0.000546643 7627
0.000409982 7592
0.000307487 7552
0.000230615 7508
