1.76836e+007 43121
1.41469e+007 43623
1.13175e+007 43471
9.054e+006 43144
7.2432e+006 44382
5.79456e+006 44199
4.63565e+006 44197
3.70852e+006 44312
2.96682e+006 44106
2.37345e+006 43307
1.89876e+006 43269
1.51901e+006 42580
1.21521e+006 43864
972166 43104
777733 43410
622186 43975
497749 43361
398199 43964
318559 43841
254848 43622
203878 43938
163102 42903
130482 44194
104386 42518
83508.4 42916
66806.8 43736
53445.4 42937
42756.3 43287
34205.1 44640
27364 43688
21891.2 43816
17513 43997
14010.4 43271
11208.3 43812
8966.65 42413
7173.32 43208
5738.66 44137
4590.93 43572
3672.74 44057
2938.19 43148
2350.55 43572
1880.44 43250
1504.35 43309
1203.48 43752
962.787 43496
770.229 43706
616.184 43754
492.947 43199
394.357 43641
315.486 43378
252.389 42762
201.911 44276
161.529 44609
129.223 43258
103.378 42756
82.7028 41760
66.1622 41914
52.9298 39913
42.3438 38253
33.875 36225
27.1 34056
21.68 32050
17.344 29231
13.8752 27093
11.1002 23842
8.88014 22033
7.10411 20854
5.68329 19395
4.54663 18133
3.63731 17475
2.90984 16821
2.32788 16340
1.8623 15867
1.48984 15519
1.19187 15183
0.953498 14844
0.762798 14586
0.610239 14432
0.488191 14293
0.390553 14156
0.312442 14015
0.249954 13856
0.199963 13763
0.15997 13680
0.127976 13614
0.102381 13552
0.0819048 13479
0.0655239 13418
0.0524191 13327
0.0419353 13264
0.0335482 13231
0.0268386 13179
0.0214709 13153
0.0171767 13106
0.0137414 13046
0.0109931 13002
0.00879447 12978
0.00703557 12948
0.00562846 12916
0.00450277 12887
0.00360221 12834
0.00288177 12808
0.00230542 12788
0.00184433 12756
0.00147547 12742
0.00118037 12707
0.000944299 12692
0.000755439 12672
0.000604351 12654
0.000483481 12638
0.000386785 12622
0.000309428 12601
0.000247542 12584
0.000198034 12558
0.000158427 12547
