1.9894e+007 43121
1.79046e+007 43623
1.61142e+007 43471
1.45028e+007 43144
1.30525e+007 44382
1.17472e+007 44199
1.05725e+007 44197
9.51526e+006 44312
8.56374e+006 44106
7.70736e+006 43307
6.93663e+006 43269
6.24296e+006 42580
5.61867e+006 43864
5.0568e+006 43104
4.55112e+006 43410
4.09601e+006 43975
3.68641e+006 43361
3.31777e+006 43964
2.98599e+006 43841
2.68739e+006 43622
2.41865e+006 43938
2.17679e+006 42903
1.95911e+006 44194
1.7632e+006 42518
1.58688e+006 42916
1.42819e+006 43736
1.28537e+006 42937
1.15683e+006 43287
1.04115e+006 44640
937035 43688
843332 43816
758999 43997
683099 43271
614789 43812
553310 42413
497979 43208
448181 44137
403363 43572
363027 44057
326724 43148
294052 43572
264646 43250
238182 43309
214364 43752
192927 43496
173635 43706
156271 43754
140644 43199
126580 43641
113922 43378
102529 42817
92276.5 44268
83048.9 44738
74744 43848
67269.6 43629
60542.6 43530
54488.4 42940
49039.5 43222
44135.6 43145
39722 43598
35749.8 43455
32174.8 43369
28957.3 43118
26061.6 43799
23455.5 44075
21109.9 43976
18998.9 42821
17099 43994
15389.1 43202
13850.2 43242
12465.2 42975
11218.7 43021
10096.8 43440
9087.12 44401
8178.41 43898
7360.57 43822
6624.51 43275
5962.06 43041
5365.86 43544
4829.27 43490
4346.34 43748
3911.71 43108
3520.54 43529
3168.48 43997
2851.64 43566
2566.47 43565
2309.82 44128
2078.84 43261
1870.96 44355
1683.86 42152
1515.48 42855
1363.93 43283
1227.54 42334
1104.78 43704
994.304 43473
894.873 43893
805.386 43717
724.847 43276
652.363 44269
587.126 43293
528.414 43670
475.572 44545
428.015 43122
385.214 43498
346.692 43162
312.023 42287
280.821 42986
252.739 43174
227.465 44205
204.718 43223
184.246 43278
165.822 43133
149.24 42763
134.316 43540
120.884 43723
108.796 42045
97.9161 43233
88.1245 42727
79.3121 41092
71.3809 40460
64.2428 40298
57.8185 40153
52.0367 38627
46.833 38787
42.1497 37267
37.9347 36516
34.1412 35317
30.7271 34175
27.6544 33019
24.889 31404
22.4001 30103
20.1601 28576
18.1441 26747
16.3297 24822
14.6967 24442
13.227 23626
11.9043 22578
10.7139 22035
9.6425 20851
8.67825 19745
7.81042 19408
7.02938 18546
6.32644 17636
5.6938 17117
5.12442 16470
4.61198 16207
4.15078 15936
3.7357 15598
3.36213 15319
3.02592 15059
2.72333 14853
2.45099 14583
2.20589 14328
1.9853 14127
1.78677 13950
1.6081 13785
1.44729 13648
1.30256 13514
1.1723 13348
1.05507 13209
0.949565 13123
0.854609 13046
0.769148 12948
0.692233 12855
0.62301 12781
0.560709 12711
0.504638 12646
0.454174 12566
0.408757 12518
0.367881 12471
0.331093 12425
0.297984 12380
0.268185 12358
0.241367 12327
0.21723 12298
0.195507 12258
0.175956 12228
0.158361 12202
0.142525 12177
0.128272 12143
0.115445 12130
0.1039 12102
0.0935104 12082
0.0841594 12065
0.0757434 12042
0.0681691 12024
0.0613522 12000
0.055217 11991
0.0496953 11966
0.0447257 11945
0.0402532 11935
0.0362278 11918
0.0326051 11903
0.0293446 11890
0.0264101 11876
0.0237691 11860
0.0213922 11838
0.019253 11830
0.0173277 11815
0.0155949 11801
0.0140354 11789
0.0126319 11777
0.0113687 11764
0.0102318 11753
0.00920863 11738
0.00828777 11727
0.00745899 11718
0.00671309 11712
0.00604178 11697
0.00543761 11677
0.00489384 11668
0.00440446 11655
0.00396401 11638
0.00356761 11626
0.00321085 11618
0.00288977 11614
0.00260079 11607
0.00234071 11603
0.00210664 11596
0.00189598 11594
0.00170638 11587
0.00153574 11579
0.00138217 11567
0.00124395 11555
0.00111955 11547
0.0010076 11538
0.000906839 11536
0.000816155 11532
0.00073454 11530
0.000661086 11526
0.000594977 11522
0.00053548 11513
0.000481932 11502
0.000433738 11500
0.000390365 11499
0.000351328 11492
0.000316195 11486
0.000284576 11484
0.000256118 11482
0.000230506 11472
0.000207456 11469
0.00018671 11462
0.000168039 11454
