2.21045e+007 43121
2.09993e+007 43623
1.99493e+007 43471
1.89518e+007 43144
1.80043e+007 44382
1.7104e+007 44199
1.62488e+007 44197
1.54364e+007 44312
1.46646e+007 44106
1.39313e+007 43307
1.32348e+007 43269
1.2573e+007 42580
1.19444e+007 43864
1.13472e+007 43104
1.07798e+007 43410
1.02408e+007 43975
9.72878e+006 43361
9.24234e+006 43964
8.78022e+006 43841
8.34121e+006 43622
7.92415e+006 43938
7.52794e+006 42903
7.15155e+006 44194
6.79397e+006 42518
6.45427e+006 42916
6.13156e+006 43736
5.82498e+006 42937
5.53373e+006 43287
5.25704e+006 44640
4.99419e+006 43688
4.74448e+006 43816
4.50726e+006 43997
4.2819e+006 43271
4.0678e+006 43812
3.86441e+006 42413
3.67119e+006 43208
3.48763e+006 44137
3.31325e+006 43572
3.14759e+006 44057
2.99021e+006 43148
2.8407e+006 43572
2.69866e+006 43250
2.56373e+006 43309
2.43554e+006 43752
2.31377e+006 43496
2.19808e+006 43706
2.08817e+006 43754
1.98376e+006 43199
1.88458e+006 43641
1.79035e+006 43378
1.70083e+006 42817
1.61579e+006 44268
1.535e+006 44738
1.45825e+006 43848
1.38534e+006 43629
1.31607e+006 43530
1.25027e+006 42940
1.18775e+006 43222
1.12837e+006 43145
1.07195e+006 43598
1.01835e+006 43455
967432 43369
919061 43118
873108 43799
829452 44075
787980 43976
748581 42821
711152 43994
675594 43202
641814 43242
609724 42975
579238 43021
550276 43440
522762 44401
496624 43898
471793 43822
448203 43275
425793 43041
404503 43544
384278 43490
365064 43748
346811 43108
329470 43529
312997 43997
297347 43566
282480 43565
268356 44128
254938 43261
242191 44355
230081 42152
218577 42855
207648 43283
197266 42334
187403 43704
178033 43473
169131 43893
160674 43717
152641 43276
145009 44269
137758 43293
130870 43670
124327 44545
118110 43122
112205 43498
106595 43162
101265 42287
96201.7 43130
91391.6 43174
86822.1 44238
82481 43323
78356.9 43316
74439.1 43322
70717.1 43064
67181.3 44290
63822.2 43659
60631.1 42954
57599.5 43930
54719.5 43625
51983.6 43510
49384.4 43046
46915.2 44533
44569.4 43527
42340.9 43237
40223.9 43543
38212.7 43359
36302.1 44025
34487 43483
32762.6 43627
31124.5 43275
29568.3 42925
28089.8 43057
26685.4 43422
25351.1 42863
24083.5 43802
22879.4 43490
21735.4 43615
20648.6 44300
19616.2 43027
18635.4 44064
17703.6 44353
16818.4 42471
15977.5 43328
15178.6 43200
14419.7 43395
13698.7 43709
13013.8 43742
12363.1 43705
11744.9 43307
11157.7 44079
10599.8 43915
10069.8 43147
9566.32 43482
9088.01 43606
8633.61 43862
8201.93 43088
7791.83 44090
7402.24 42864
7032.13 43568
6680.52 43283
6346.49 43828
6029.17 43163
5727.71 43513
5441.33 43409
5169.26 43090
4910.8 44613
4665.26 43146
4431.99 43698
4210.39 43433
3999.87 43265
3799.88 43899
3609.89 43516
3429.39 43970
3257.92 43337
3095.03 42836
2940.28 42070
2793.26 43821
2653.6 43999
2520.92 43140
2394.87 44557
2275.13 44054
2161.37 43738
2053.3 44559
1950.64 43780
1853.11 43675
1760.45 42801
1672.43 42980
1588.81 43440
1509.37 43829
1433.9 43972
1362.2 44347
1294.09 43336
1229.39 43256
1167.92 44260
1109.52 43464
1054.05 44362
1001.34 43518
951.278 43651
903.714 43956
858.528 43558
815.602 43263
774.822 44265
736.081 43575
699.277 42854
664.313 43552
631.097 42942
599.542 43573
569.565 43242
541.087 43506
514.033 43768
488.331 43205
463.914 42960
440.719 43541
418.683 42789
397.749 43707
377.861 43633
358.968 42937
341.02 43443
323.969 43848
307.77 43329
292.382 42963
277.763 44231
263.875 44284
250.681 43924
238.147 43114
226.239 43182
214.927 43470
204.181 43064
193.972 44229
184.273 42681
175.06 43805
166.307 42699
157.991 42854
150.092 43753
142.587 42749
135.458 42592
128.685 43359
122.251 42404
116.138 42395
110.331 43486
104.815 42529
99.574 42076
94.5953 42022
89.8655 41372
85.3723 42095
81.1036 41176
77.0485 40991
73.196 40753
69.5362 39890
66.0594 39270
62.7565 40265
59.6186 39490
56.6377 39109
53.8058 39062
51.1155 38076
48.5597 37505
46.1318 37004
43.8252 36644
41.6339 35986
39.5522 36029
37.5746 35517
35.6959 34343
33.9111 34703
32.2155 33420
30.6048 33298
29.0745 31958
27.6208 31784
26.2398 30206
24.9278 29516
23.6814 28705
22.4973 28555
21.3724 28058
20.3038 26799
19.2886 26048
18.3242 25270
17.408 24886
16.5376 24289
15.7107 23466
14.9252 23471
14.1789 22515
13.47 22273
12.7965 21360
12.1566 21071
11.5488 20470
10.9714 19885
10.4228 19915
9.90166 19330
9.40658 18783
8.93625 18498
8.48944 17843
8.06497 17458
7.66172 17293
7.27863 17222
6.9147 16767
6.56897 16573
6.24052 16247
5.92849 16181
5.63207 15785
5.35046 15519
5.08294 15276
4.82879 15202
4.58735 14960
4.35799 15003
4.14009 14782
3.93308 14544
3.73643 14365
3.54961 14114
3.37213 14001
3.20352 13912
3.04334 13796
2.89118 13727
2.74662 13555
2.60929 13385
2.47882 13270
2.35488 13178
2.23714 13115
2.12528 13012
2.01902 12944
1.91807 12877
1.82216 12815
1.73105 12735
1.6445 12685
1.56228 12640
1.48416 12599
1.40995 12512
1.33946 12438
1.27248 12368
1.20886 12293
1.14842 12247
1.091 12198
1.03645 12164
0.984624 12121
0.935393 12079
0.888623 12063
0.844192 12037
0.801982 12009
0.761883 11984
0.723789 11958
0.6876 11938
0.65322 11910
0.620559 11886
0.589531 11863
0.560054 11835
0.532052 11810
0.505449 11796
0.480177 11776
0.456168 11764
0.433359 11753
0.411691 11734
0.391107 11722
0.371551 11687
0.352974 11677
0.335325 11657
0.318559 11641
0.302631 11631
0.287499 11621
0.273124 11612
0.259468 11595
0.246495 11586
0.23417 11571
0.222462 11568
0.211338 11547
0.200772 11540
0.190733 11524
0.181196 11518
0.172137 11509
0.16353 11492
0.155353 11483
0.147586 11470
0.140206 11447
0.133196 11431
0.126536 11420
0.120209 11413
0.114199 11401
0.108489 11391
0.103064 11387
0.0979113 11370
0.0930157 11352
0.0883649 11343
0.0839467 11331
0.0797493 11323
0.0757619 11309
0.0719738 11308
0.0683751 11291
0.0649563 11278
0.0617085 11271
0.0586231 11268
0.0556919 11262
0.0529073 11253
0.050262 11245
0.0477489 11237
0.0453614 11228
0.0430934 11224
0.0409387 11222
0.0388918 11219
0.0369472 11217
0.0350998 11214
0.0333448 11202
0.0316776 11198
0.0300937 11197
0.028589 11192
0.0271596 11179
0.0258016 11177
0.0245115 11169
0.0232859 11161
0.0221216 11160
0.0210156 11157
0.0199648 11155
0.0189665 11154
0.0180182 11148
0.0171173 11144
0.0162614 11137
0.0154484 11134
0.0146759 11128
0.0139421 11125
0.013245 11120
0.0125828 11115
0.0119536 11111
0.011356 11108
0.0107882 11102
0.0102488 11099
0.00973632 11098
0.00924951 11096
0.00878703 11093
0.00834768 11090
0.00793029 11084
0.00753378 11082
0.00715709 11081
0.00679924 11080
0.00645927 11077
0.00613631 11073
0.0058295 11070
0.00553802 11066
0.00526112 11060
0.00499806 11058
0.00474816 11052
0.00451075 11050
0.00428521 11047
0.00407095 11042
0.00386741 11035
0.00367404 11034
0.00349033 11032
0.00331582 11031
0.00315003 11025
0.00299253 11024
0.0028429 11018
0.00270075 11015
0.00256572 11011
0.00243743 11007
0.00231556 11006
0.00219978 11004
0.00208979 11001
0.0019853 10999
0.00188604 10998
0.00179174 10997
0.00170215 10996
0.00161704 10993
0.00153619 10989
0.00145938 10984
0.00138641 10984
0.00131709 10981
0.00125124 10978
0.00118867 10976
0.00112924 10976
0.00107278 10972
0.00101914 10966
0.000968182 10961
0.000919773 10959
0.000873785 10958
0.000830095 10957
0.000788591 10956
0.000749161 10954
0.000711703 10952
0.000676118 10951
0.000642312 10948
0.000610196 10944
0.000579687 10940
0.000550702 10939
0.000523167 10936
0.000497009 10932
0.000472158 10932
0.00044855 10929
0.000426123 10928
0.000404817 10926
0.000384576 10924
0.000365347 10922
0.00034708 10920
0.000329726 10920
0.000313239 10919
0.000297577 10918
0.000282699 10918
0.000268564 10917
0.000255136 10916
0.000242379 10916
0.00023026 10916
0.000218747 10913
0.000207809 10911
0.000197419 10911
0.000187548 10909
0.000178171 10908
