1.87888e+007 43121
1.59705e+007 43623
1.35749e+007 43471
1.15387e+007 43144
9.80788e+006 44382
8.3367e+006 44199
7.0862e+006 44197
6.02327e+006 44312
5.11978e+006 44106
4.35181e+006 43307
3.69904e+006 43269
3.14418e+006 42580
2.67256e+006 43864
2.27167e+006 43104
1.93092e+006 43410
1.64128e+006 43975
1.39509e+006 43361
1.18583e+006 43964
1.00795e+006 43841
856760 43622
728246 43938
619009 42903
526158 44194
447234 42518
380149 42916
323127 43736
274658 42937
233459 43287
198440 44640
168674 43688
143373 43816
121867 43997
103587 43271
88048.9 43812
74841.6 42413
63615.4 43208
54073.1 44137
45962.1 43572
39067.8 44057
33207.6 43148
28226.5 43572
23992.5 43250
20393.6 43309
17334.6 43752
14734.4 43496
12524.2 43706
10645.6 43754
9048.76 43199
7691.45 43641
6537.73 43378
5557.07 42817
4723.51 44268
4014.98 44738
3412.74 43848
2900.83 43629
2465.7 43530
2095.85 42940
1781.47 43222
1514.25 43145
1287.11 43598
1094.04 43455
929.938 43369
790.447 43118
671.88 43799
571.098 44075
485.434 43976
412.619 42821
350.726 43994
298.117 43202
253.399 43208
215.389 42775
183.081 43165
155.619 43383
132.276 44027
112.435 42921
95.5694 42221
81.234 41773
69.0489 41099
58.6916 40716
49.8878 39197
42.4047 38199
36.044 36408
30.6374 34941
26.0418 32984
22.1355 30762
18.8152 29624
15.9929 27659
13.594 25323
11.5549 23356
9.82164 22161
8.34839 20250
7.09613 19138
6.03171 18248
5.12696 17703
4.35791 16855
3.70423 16445
3.14859 15973
2.6763 15668
2.27486 15220
1.93363 14902
1.64359 14695
1.39705 14522
1.18749 14267
1.00937 14049
0.857962 13913
0.729267 13767
0.619877 13656
0.526896 13535
0.447861 13430
0.380682 13317
0.32358 13229
0.275043 13163
0.233786 13121
0.198718 13055
0.168911 13001
0.143574 12958
0.122038 12916
0.103732 12873
0.0881724 12818
0.0749466 12770
0.0637046 12730
0.0541489 12700
0.0460266 12656
0.0391226 12605
0.0332542 12580
0.0282661 12552
0.0240262 12529
0.0204222 12507
0.0173589 12487
0.0147551 12467
0.0125418 12426
0.0106605 12406
0.00906145 12386
0.00770223 12371
0.0065469 12353
0.00556486 12338
0.00473013 12323
0.00402061 12310
0.00341752 12288
0.00290489 12271
0.00246916 12256
0.00209879 12241
0.00178397 12233
0.00151637 12215
0.00128892 12195
0.00109558 12179
0.000931242 12167
0.000791556 12153
0.000672823 12143
0.000571899 12132
0.000486114 12118
0.000413197 12107
0.000351218 12095
0.000298535 12084
0.000253755 12073
0.000215692 12064
0.000183338 12049
0.000155837 12038
